CODE	LOGCOST	OUTPUT	PLANES	WAGES	FUEL	MATERIAL	STGLEN	LOADF	DBTWGT	BNKDBT	VRTBL	VRTBLE	MGRSHR	FCFPCT	TIME	SUBJECT
AM70	14.03332	15.54246	6.85283	2.6295	-2.21841	2.33015	690.20001	0.509	0.76348	0.29233	0.39669	0.00138	0.00349	0.13401	1	1
AM71	14.07693	15.60367	6.75684	2.68056	-2.1847	2.42306	706.20001	0.498	0.6523	0.2662	0.27556	0.00109	0.00396	0.14344	2	1
AM72	14.17222	15.66135	6.82673	2.77548	-2.18229	2.57548	731.09998	0.534	0.6598	0.2949	0.26819	0.00067	0.00248	0.15156	3	1
AM73	14.28437	15.68655	6.81856	2.81708	-2.08416	2.69923	728.20001	0.53	0.67916	0.32206	0.29365	0.00073	0.00249	0.1321	4	1
AM74	14.38406	15.5738	6.93127	2.90194	-1.60677	2.85721	769.20001	0.581	0.65728	0.21962	0.36366	0.0013	0.00356	0.17808	5	1
AM75	14.47839	15.62369	7.00373	3.01655	-1.30594	2.9234	773.29999	0.569	0.6624	0.21391	0.38194	0.00118	0.00308	0.1403	6	1
AM76	14.59084	15.62872	7.0887	3.09093	-1.3141	3.05528	776	0.585	0.64432	0.22631	0.4141	0.00134	0.00323	0.18554	7	1
AM77	14.7138	15.68627	7.09352	3.15552	-1.13093	3.07402	779.40002	0.589	0.6632	0.20291	0.35957	0.00096	0.00267	0.15745	8	1
AM78	14.87324	15.74058	7.31334	3.2583	-0.93704	3.15909	799.79999	0.637	0.73925	0.14985	0.27445	0.00055	0.00199	0.13228	9	1
AM79	15.08499	15.80825	7.45484	3.36934	-0.54365	3.31868	883	0.674	0.7531	0.09556	0.20698	0.00055	0.00264	0.08484	10	1
AM80	15.24497	15.74549	7.56269	3.4696	-0.1176	3.42693	927.09998	0.604	0.78795	0.16738	0.09451	0.00022	0.00236	0.05115	11	1
BR70	12.72803	14.21874	6.64457	2.5189	-2.21303	2.47319	482	0.477	0.77745	0.33849	0	0	0.00862	0.10118	1	2
BR71	12.68019	14.13578	6.46629	2.49664	-2.16845	2.50417	475	0.479	0.73828	0.26545	0	0	0.01038	0.14198	2	2
BR72	12.78449	14.19826	6.59436	3.20098	-2.19979	3.17597	488.79999	0.494	0.7204	0.38991	0	0	0.00933	0.13058	3	2
BR73	12.89041	14.26606	6.53187	3.21898	-2.14079	3.14514	504.79999	0.502	0.721	0.29679	0	0	0.00616	0.1319	4	2
BR74	13.13781	14.37871	6.5722	3.04388	-1.61003	3.14665	516	0.499	0.68848	0.38799	0	0	0.00769	0.1473	5	2
BR75	13.25224	14.42979	6.67115	2.86301	-1.47108	3.00286	528.09998	0.493	0.68685	0.45229	0	0	0.00542	0.14532	6	2
BR76	13.39493	14.48352	6.84081	2.99418	-1.12167	3.07538	542	0.511	0.66932	0.1134	0	0	0.00525	0.15575	7	2
BR77	13.51356	14.57472	6.69235	3.09105	-0.99393	3.15925	554.40002	0.508	0.66398	0.0507	0	0	0.00433	0.16793	8	2
BR78	13.75906	14.7551	7.07381	3.15223	-0.92321	3.27901	583.09998	0.538	0.70748	0.17114	0	0	0.00176	0.15939	9	2
BR79	14.17478	15.0481	7.1912	3.28182	-0.48093	3.48623	647	0.563	0.82496	0.0247	0	0	0.00054	0.01894	10	2
BR80	14.29127	14.89887	7.51796	3.59641	-0.09012	3.79224	667.29999	0.585	0.94024	0.08097	0	0	0.00077	-0.09155	11	2
CN70	12.59867	14.20179	6.69519	2.54557	-2.15461	2.47555	559.20001	0.512	0.80882	0.78724	0.16747	0.00181	0.01083	0.12931	1	3
CN71	12.68637	14.34297	6.74975	2.62721	-2.07728	2.57217	543.09998	0.493	0.79144	0.25654	0.17732	0.00193	0.0109	0.17099	2	3
CN72	12.77597	14.43393	6.81161	2.68542	-2.11484	2.62102	540.20001	0.512	0.75415	0.33841	0.17025	0.00201	0.01182	0.17169	3	3
CN73	12.8577	14.47245	6.77102	2.79366	-2.03413	2.71257	545.20001	0.484	0.76945	0.4269	0.14643	0.00221	0.01508	0.12946	4	3
CN74	12.98368	14.3511	6.92084	2.78626	-1.49791	2.7988	545.79999	0.539	0.7791	0.6822	0.14069	0.00228	0.01618	0.14266	5	3
CN75	13.16601	14.46992	7.02901	2.89621	-1.25118	2.94797	561.79999	0.54	0.79773	0.58168	0.12438	0.00181	0.01455	0.13249	6	3
CN76	13.22416	14.39755	7.22731	3.00194	-1.1452	2.96375	563.79999	0.56	0.76918	0.53682	0.15049	0.00237	0.01574	0.14818	7	3
CN77	13.37845	14.53144	7.11961	3.08679	-1.02393	2.98172	580.79999	0.556	0.73343	0.5623	0.16674	0.00229	0.01371	0.16402	8	3
CN78	13.58014	14.62247	7.31698	3.18914	-0.94754	3.04961	618.5	0.594	0.66253	0.54693	0.19583	0.00225	0.01151	0.16926	9	3
CN79	13.82698	14.68239	7.40687	3.42534	-0.58061	3.28255	688	0.606	0.71185	0.74365	0.14412	0.00174	0.01204	0.07143	10	3
CN80	13.94137	14.51803	7.51332	3.47094	-0.14338	3.33838	707.09998	0.581	0.75658	0.46563	0.15731	0.00148	0.00942	-0.01162	11	3
DL70	13.3456	14.80005	6.71814	2.46227	-2.24555	2.21221	420.20001	0.506	0.61938	0.89769	0	0	0.00795	0.35308	1	4
DL71	13.4409	14.88352	6.68503	2.56179	-2.17416	2.33861	412.29999	0.473	0.61875	0.90026	0	0	0.00819	0.33502	2	4
DL72	13.62844	15.0369	6.48679	2.53334	-2.11167	2.30878	417.5	0.48	0.59327	0.91757	0	0	0.01007	0.36238	3	4
DL73	13.86092	15.19464	6.62501	2.74585	-2.1448	2.52378	429.39999	0.517	0.59848	0.72431	0.08995	0.00062	0.00684	0.34774	4	4
DL74	14.03612	15.17236	6.78736	2.84026	-1.51583	2.62141	428.29999	0.548	0.6287	0.82321	0.05719	0.00036	0.00623	0.31168	5	4
DL75	14.16211	15.20503	6.87259	2.95485	-1.24711	2.72258	431.20001	0.54	0.64455	0.7379	0.05141	0.0005	0.00967	0.30742	6	4
DL76	14.27228	15.28751	6.96367	3.04448	-1.16825	2.78188	440.39999	0.58	0.63059	0.88017	0.06383	0.00031	0.00484	0.32976	7	4
DL77	14.38776	15.33434	6.9574	3.16411	-1.03402	2.88028	445.89999	0.553	0.58401	0.79033	0.08797	0.00046	0.00526	0.37547	8	4
DL78	14.58477	15.43681	7.23987	3.25182	-0.96216	2.96097	457.89999	0.593	0.55256	0.87808	0.15358	0.00087	0.00563	0.36851	9	4
DL79	14.81572	15.53316	7.35145	3.34256	-0.58882	3.05426	480	0.641	0.5232	0.4043	0.10142	0.00063	0.00626	0.37208	10	4
DL80	15.03945	15.58419	7.46297	3.40941	-0.13879	3.22384	509.39999	0.606	0.54862	0.57607	0.06789	0.00079	0.01165	0.30673	11	4
EA70	13.78732	15.18014	6.39515	2.48465	-2.27065	2.34676	580.40002	0.549	0.81578	0.10808	0.29891	0.00194	0.00649	0.07663	1	5
EA71	13.87294	15.21841	6.45257	2.6228	-2.22124	2.45125	606.5	0.532	0.72673	0.09114	0.22785	0.00141	0.00619	0.07096	2	5
EA72	13.96335	15.21044	6.43878	2.68929	-2.192	2.47996	503.70001	0.584	0.71035	0.51678	0.21533	0.00119	0.00554	0.07626	3	5
EA73	14.0995	15.25752	6.49423	2.75801	-2.0994	2.52312	511.60001	0.55	0.78267	0.3824	0.15933	0.00055	0.00345	0.02008	4	5
EA74	14.23129	15.17212	6.66102	2.80564	-1.47127	2.78532	510.10001	0.597	0.77193	0.39273	0.17851	0.00064	0.0036	0.0652	5	5
EA75	14.3405	15.26149	6.73559	2.90759	-1.15413	2.83058	515.70001	0.563	0.79175	0.34535	0.20078	0.00055	0.00275	0.03518	6	5
EA76	14.42747	15.27948	6.80656	2.9605	-1.20492	2.93786	517.40002	0.562	0.73966	0.36216	0.22083	0.00171	0.00773	0.09597	7	5
EA77	14.55768	15.31942	6.86319	3.16101	-1.02671	3.0322	519.29999	0.562	0.6932	0.20995	0.37997	0.00799	0.02102	0.07984	8	5
EA78	14.73084	15.37174	7.26984	3.23266	-0.96475	3.10636	509.10001	0.642	0.77023	0.20366	0.2602	0.00332	0.01276	0.09455	9	5
EA79	14.91636	15.45864	7.34782	3.29075	-0.57151	3.1714	526	0.672	0.82034	0.23595	0.38418	0.00507	0.0132	0.07623	10	5
EA80	15.13474	15.54554	7.41845	3.36207	-0.15596	3.32134	563.29999	0.613	0.84537	0	0.29927	0.00366	0.01221	0.02837	11	6
NA71	12.61324	14.12156	6.63262	2.48488	-2.21668	2.76668	491.60001	0.399	0.70275	1	0.00122	0.00002	0.01391	0.2047	2	6
NA72	12.76234	14.23728	6.80697	2.38616	-1.90539	3.08076	487.79999	0.478	0.71181	0.81249	0	0	0.0134	0.23856	3	6
NA73	12.85669	14.33936	6.87025	2.74096	-2.17337	3.0217	485.29999	0.504	0.70597	0.77013	0	0	0.01387	0.24288	4	6
NA76	13.10356	14.24657	7.1783	3.04957	-1.15764	3.13275	526.20001	0.494	0.61887	0.87679	0	0	0.01856	0.23826	7	6
NA77	13.24957	14.3703	7.10368	3.16547	-1.0539	3.30906	582.20001	0.466	0.58186	0.97576	0	0	0.02037	0.2655	8	6
NA78	13.41443	14.42448	7.31405	3.19007	-0.96623	3.48792	694.5	0.571	0.5495	0.77537	0	0	0.02295	0.30992	9	6
NA79	13.57629	14.45773	7.38857	3.29134	-0.60744	3.56251	830	0.571	0.52042	0	0	0	0.0244	0.25571	10	6
NE70	11.55052	13.29469	6.23956	2.50206	-2.193	1.83001	574	0.433	1.51665	0	0.55474	-0.00361	-0.0065	-0.08825	1	7
NE71	11.84933	13.18436	6.32994	2.62672	-2.17026	2.58363	518	0.471	1.75025	0	0.61208	-0.00578	-0.00944	-0.15612	2	7
NW71	13.0395	14.84742	6.92076	2.56372	-2.21582	2.69145	600.29999	0.383	0.49481	0.69307	0	0	0.00781	0.22674	2	7
NW73	13.24258	15.03063	6.8809	2.73069	-2.06229	2.89986	600.40002	0.409	0.50723	0.74296	0	0	0.00609	0.22397	4	7
NW74	13.48245	15.04837	7.0188	2.84678	-1.4116	3.10856	608.79999	0.458	0.47376	0.84619	0	0	0.00604	0.23891	5	7
NW75	13.59935	15.10822	7.05535	2.947	-1.2683	3.25804	631	0.453	0.48675	0.97154	0	0	0.0059	0.23242	6	7
NW76	13.75757	15.19748	7.29113	3.09685	-1.11027	3.42632	636.29999	0.484	0.42188	0.96721	0	0	0.0063	0.29208	7	7
NW77	13.85132	15.22872	7.43191	3.16296	-0.99448	3.42968	637.20001	0.483	0.42462	1	0	0	0.00665	0.29934	8	7
NW79	14.14765	15.2661	7.70719	3.33663	-0.5194	3.5537	688	0.553	0.44463	1	0	0	0.00529	0.28649	10	7
NW80	14.43264	15.31862	7.8693	3.43817	-0.05048	3.70227	702.20001	0.555	0.45252	1	0	0	0.00648	0.23927	11	7
PA70	14.05213	15.59585	7.2173	2.47797	-2.21467	2.43248	1180	0.597	0.7708	0.39131	0.40208	0.00209	0.00521	0.09097	1	8
PA71	14.07499	15.68054	7.1298	2.57214	-2.22562	2.57982	1132	0.558	0.75724	0.34578	0.41182	0.00201	0.00487	0.08248	2	8
PA72	14.1572	15.74169	7.24608	2.64962	-2.1443	2.73916	1142.59998	0.605	0.76677	0.34156	0.41684	0.00168	0.00404	0.09068	3	8
PA73	14.22243	15.7987	7.0996	2.79759	-1.96238	2.81998	1198.5	0.516	0.7695	0.17828	0.55253	0.00226	0.00409	0.09731	4	8
PA74	14.37686	15.68898	7.23705	2.91211	-0.86446	2.83108	1284.59998	0.504	0.81291	0.2531	0.56144	0.00146	0.0026	0.0269	5	8
PA75	14.39102	15.59619	7.37821	3.01404	-0.92352	3.09229	1349.30005	0.475	0.82542	0.30499	0.57595	0.00108	0.00187	0.0413	6	8
PA76	14.41916	15.6061	7.55741	3.0988	-0.98106	3.2184	1366.59998	0.525	0.75582	0.18686	0.57723	0.00242	0.00419	0.06017	7	8
PA77	14.51823	15.63861	7.88095	3.1943	-0.89905	3.30059	1409.69995	0.547	0.80992	0.56816	0.55263	0.00168	0.00304	0.07844	8	8
PA78	14.63942	15.62449	8.05921	3.31354	-0.85308	3.46093	1509.19995	0.612	0.68371	0.80563	0.52098	0.00186	0.00357	0.11237	9	8
PA79	14.80755	15.66804	8.21728	3.41462	-0.46871	3.53811	1620	0.589	0.72904	0.63541	0.41492	0.00109	0.00262	0.06426	10	8
PA80	15.21019	15.87164	8.02603	3.48756	-0.02482	3.61459	1675.09998	0.553	0.76065	0.35985	0.24714	0.00041	0.00165	-0.00673	11	8
TW70	14.11911	15.67687	6.91597	2.51241	-2.26152	2.40778	979	0.489	1	0.27566	0.30841	-0	-0	0.00828	1	9
TW71	14.09767	15.70322	6.85286	2.43701	-2.2462	2.37266	975	0.496	1	0.21171	0.33261	-0	-0	0.10597	2	9
TW72	14.19003	15.71783	6.9134	2.64505	-2.1835	2.63685	956.29999	0.564	1	0.23018	0.30379	-0	-0	0.03551	3	9
TW74	14.44765	15.7174	6.92016	2.83175	-1.37845	2.91129	922.09998	0.524	1	0.25982	0.28249	-0	-0	-0.02733	5	9
TW75	14.51653	15.66561	6.99675	2.95187	-1.20655	3.01561	902.20001	0.534	1	0.31852	0.27495	-0	-0	-0.06888	6	9
TW76	14.58073	15.66594	7.06925	3.00219	-1.12043	3.05096	898.90002	0.567	1	0.10728	0.29878	-0	-0	0.05121	7	9
TW77	14.70652	15.70636	7.13729	3.13162	-0.97964	3.11057	902.40002	0.574	1	0.15226	0.45698	-0	-0	0.05995	8	9
TW78	14.79574	15.68765	7.43286	3.25961	-0.91933	3.19392	897.09998	0.632	1	0.1618	0.48563	-0	-0	0.0243	9	9
TW79	14.98474	15.71017	7.57054	3.38061	-0.50779	3.30724	916	0.639	1	0.12851	0.47098	-0	-0	-0.00503	10	9
TW80	15.11437	15.64798	7.68484	3.4792	-0.07407	3.50598	904.09998	0.617	1	0.12508	0.14837	-0	-0	0.00483	11	9
UN70	14.33238	15.80846	6.73824	2.57458	-2.201	2.21578	679	0.519	0.75262	0.07956	0.30521	0.00114	0.00373	0.12618	1	10
UN71	14.29999	15.78798	6.63264	2.63122	-2.14388	2.23629	749	0.499	0.72427	0.08864	0.34006	0.00119	0.00349	0.14825	2	1
UN72	14.40125	15.82874	6.75727	2.72966	-2.13025	2.36033	707.70001	0.546	0.72774	0.08467	0.32483	0.00108	0.00333	0.16523	3	10
UN73	14.46407	15.87131	6.73383	2.75603	-2.05377	2.49436	690.40002	0.558	0.71578	0.09278	0.35592	0.00131	0.00369	0.20172	4	10
UN74	14.60682	15.79922	6.84089	2.86184	-1.54959	2.58115	676.70001	0.596	0.70048	0.08598	0.28975	0.00098	0.00337	0.21629	5	10
UN75	14.69648	15.77643	6.92592	2.93655	-1.33368	2.66473	668.5	0.579	0.71405	0.08198	0.3108	0.00083	0.00266	0.19731	6	10
UN76	14.84758	15.84641	7.03291	3.05227	-1.13988	2.85042	654.70001	0.604	0.72404	0.07727	0.33476	0.00077	0.0023	0.20222	7	10
UN77	14.95222	15.90248	7.1399	3.15212	-1.02766	2.96212	663.20001	0.609	0.69541	0.07122	0.2652	0.00088	0.00333	0.21388	8	10
UN78	15.09086	16.00635	7.41011	3.27351	-0.95604	3.02699	694.79999	0.641	0.68222	0	0.21651	0.00086	0.00397	0.22759	9	10
UN80	15.412	16.05874	7.58463	3.48859	-0.17216	3.26023	879.59998	0.584	0.71206	0	0.07633	0.00031	0.00407	0.11374	11	10
WE70	12.65431	14.05288	6.70762	2.50273	-2.11063	2.47269	559	0.524	0.77502	0.55868	0.17024	0.01456	0.08554	0.18902	1	11
WE71	12.70176	14.05365	6.59474	2.59589	-2.06932	2.52342	563	0.537	0.74615	0.51203	0.19503	0.01624	0.08329	0.20388	2	11
WE72	12.80061	14.09984	6.62804	2.67987	-2.07674	2.53977	580.59998	0.582	0.71762	0.40914	0.22655	0.01762	0.07776	0.21517	3	11
WE73	12.8769	14.18531	6.64347	2.74901	-2.01068	2.59115	586.59998	0.579	0.6989	0.31294	0.23766	0.01636	0.06885	0.23477	4	11
WE74	13.05501	14.20046	6.75549	2.88355	-1.48513	2.83287	589.90002	0.607	0.66555	0.28249	0.25719	0.01842	0.07163	0.23619	5	11
WE75	13.19695	14.26394	6.80954	2.9807	-1.25776	2.95229	592.29999	0.606	0.67165	0.19932	0.27463	0.01772	0.06454	0.21526	6	11
WE76	13.30907	14.38824	6.806	3.05881	-1.16254	3.01849	610.79999	0.577	0.72839	0.54666	0.26766	0.00424	0.01584	0.25173	7	11
WE77	13.46077	14.48939	6.93265	3.22848	-1.01283	3.12226	645.5	0.574	0.73171	1	0.27871	0.00436	0.01565	0.22989	8	11
WE78	13.63332	14.567	7.14181	3.33898	-0.95225	3.28755	645.59998	0.654	0.76052	0.74399	0.15489	0.00203	0.01313	0.17094	9	11
WE79	13.80059	14.59904	7.27046	3.40292	-0.56852	3.27731	647	0.631	0.75324	0.90132	0.10385	0.00158	0.01517	0.09932	10	11
WE80	13.92736	14.54375	7.48392	3.51408	-0.14235	3.38961	679	0.569	0.81743	0.9647	0.06665	0.00077	0.0115	0.0137	11	11
AL70	11.95164	13.11299	5.33217	2.48295	-2.14315	2.52434	189.7	0.409	0.88361	0.51543	0.14256	0.00184	0.01287	0.06413	1	12
AL71	12.13404	13.21905	5.65836	2.64034	-2.09631	2.67209	198.60001	0.439	0.83946	0.7885	0.16055	0.00236	0.01473	0.06126	2	12
AL72	12.48334	13.46056	5.38505	2.76639	-2.0847	2.46721	203.10001	0.489	0.83269	0.52779	0.11932	0.00102	0.00859	0.07433	3	12
AL73	12.71355	13.63316	5.61957	2.85107	-2.04205	2.79247	217.39999	0.484	0.80755	0.49384	0.13033	0.00223	0.01713	0.09068	4	12
AL74	12.85271	13.57545	5.85445	2.88739	-1.5437	2.87488	228.8	0.53	0.79916	0.53731	0.12299	0.0019	0.01547	0.07546	5	12
AL75	12.91365	13.53855	5.95705	2.9785	-1.31525	3.01593	229.2	0.533	0.84253	0.60842	0.10472	0.00102	0.00973	0.03276	6	12
AL76	13.02711	13.59705	5.98654	3.05965	-1.12994	3.07175	232.60001	0.545	0.79579	0.71423	0.17339	0.00189	0.0109	0.07242	7	12
AL77	13.1574	13.61922	6.27542	3.19342	-0.99192	3.10929	235.2	0.555	0.75074	0.73756	0.19792	0.00258	0.01305	0.07474	8	12
AL78	13.26667	13.64653	6.68337	3.26288	-0.92327	3.08629	242.5	0.608	0.70218	0.43343	0.01596	0.00015	0.00916	0.0787	9	12
AL79	13.48828	13.76978	6.6223	3.34717	-0.58283	3.22248	284.10001	0.645	0.68365	0	0.01214	0.00016	0.01335	0.09929	10	12
AL80	13.75245	13.88863	6.79213	3.43411	-0.14224	3.37547	306.10001	0.55	0.6846	0	0.28048	0.00433	0.01544	0.12094	11	12
FR70	11.47731	12.63504	5.3862	2.39442	-2.1154	2.47724	165.7	0.438	0.99201	1	0.36546	0.00009	0.00024	0.0183	1	13
FR71	11.53821	12.58498	5.57505	2.55	-2.13245	2.53056	165.8	0.458	1.01758	1	0.4156	-0.00018	-0.00043	0.05048	2	13
FR72	11.57061	12.5007	5.61786	2.57657	-2.13564	2.553	168.3	0.519	0.91762	0.10987	0.50862	0.00162	0.00318	0.16855	3	13
FR73	11.73517	12.6515	5.71418	2.64468	-2.02528	2.65384	179	0.529	0.83277	0	0.58649	0.00389	0.00663	0.14326	4	13
FR74	11.91139	12.66122	5.84217	2.77119	-1.39381	2.76109	187.7	0.559	0.7722	0	0.61902	0.00647	0.01045	0.14231	5	13
FR75	12.03524	12.71301	5.96896	2.88056	-1.2606	2.8587	193.7	0.558	0.72299	0	0.62055	0.00994	0.01602	0.13126	6	13
FR76	12.15256	12.83607	5.59876	2.98037	-1.12821	2.95176	201.10001	0.569	0.68454	0.01919	0.63852	0.0113	0.0177	0.16472	7	13
FR77	12.34536	12.93034	6.25414	3.06942	-1.00522	2.9128	215.2	0.583	0.65363	0.18263	0.53343	0.01017	0.01907	0.16077	8	13
FR78	12.58811	13.08616	6.2714	3.01207	-0.90235	3.12809	230.2	0.632	0.68852	0.62244	0.29355	0.00572	0.01948	0.16587	9	13
FR79	12.84191	13.32348	6.40498	3.21401	-0.54818	3.13483	259.39999	0.609	0.66921	0.76598	0.18169	0.00135	0.00745	0.1634	10	13
FR80	13.04254	13.34635	6.63189	3.28277	-0.14462	3.33427	282.60001	0.593	0.65403	0.81119	0.13939	0.0018	0.01291	0.15521	11	13
MO70	11.11529	11.89443	5.02441	2.21423	-2.06005	4.33713	163	0.463	0.99448	0.0505	0	0	0.00016	-0.03402	1	14
MO71	11.0028	11.73156	5.11025	2.64403	-2.02117	1.98536	180.10001	0.453	1.00001	0	0	0	-0	0.05298	2	14
NC70	11.40376	12.37737	5.30301	2.40987	-2.10053	2.44051	120.5	0.44	0.82762	0	0.01437	0.00014	0.00971	0.10086	1	14
NC71	11.52584	12.43164	5.57222	2.53919	-2.04293	2.59799	125.3	0.435	0.71156	0	0.01663	0.00025	0.01485	0.10506	2	14
NC72	11.62166	12.49376	5.56861	2.6122	-2.11775	2.71647	127.3	0.503	0.65911	0.14557	0.01988	0.00033	0.01659	0.14913	3	14
NC73	11.71085	12.53459	5.63475	2.70021	-2.06188	2.70356	130.10001	0.473	0.64705	0.04042	0.01641	0.00027	0.01654	0.13026	4	14
NC74	11.87006	12.53975	5.834	2.77441	-1.66888	2.8389	130.10001	0.493	0.60275	0	0.02114	0.0004	0.01912	0.15394	5	14
NC75	12.03105	12.57723	5.91051	2.88584	-1.18204	2.91861	131.7	0.48	0.62305	0	0.01635	0.0003	0.01847	0.11057	6	14
NC76	12.16785	12.66201	5.95094	2.96941	-1.14136	3.02869	132.39999	0.482	0.679	0.08866	0.0093	0.00015	0.01609	0.10601	7	14
NC77	12.33538	12.81064	6.29625	3.1614	-0.99441	2.95657	141.8	0.487	0.67694	0	0.00869	0.00014	0.01558	0.12712	8	14
NC78	12.59428	12.96679	6.64154	3.20258	-0.91277	3.22014	147.60001	0.555	0.70423	0	0	0	0.01843	0.13285	9	14
OZ70	11.15028	12.0106	5.40238	2.40622	-2.16603	2.49267	149.3	0.434	0.91595	0	0.43133	0.00412	0.00954	0.04125	1	15
OZ71	11.2851	12.16435	5.68854	2.5584	-2.12161	2.53229	148.39999	0.471	0.80937	0	0.47851	0.0071	0.01484	0.10711	2	15
OZ72	11.40092	12.20614	5.53141	2.63852	-2.139	2.52767	150.10001	0.49	0.76629	0.40309	0.51859	0.00894	0.01724	0.10298	3	15
OZ74	11.68549	12.2618	5.86941	2.78602	-1.48052	2.65637	153.39999	0.502	0.77971	0.44189	0.45218	0.00566	0.01251	0.0809	5	15
OZ75	11.85682	12.4267	5.96284	2.91174	-1.22101	2.79285	160.39999	0.491	0.78678	0.43161	0.45592	0.00424	0.00929	0.06672	6	15
OZ76	12.00277	12.56417	6.00789	2.93157	-1.13597	2.93442	173.7	0.513	0.74209	0.78438	0.50882	0.00722	0.01418	0.12646	7	15
OZ77	12.19643	12.69548	6.37255	3.07543	-0.98701	3.0363	183.7	0.511	0.73775	0.59175	0.36406	0.00593	0.0163	0.11556	8	15
OZ78	12.39179	12.81602	6.76098	3.19432	-0.92981	3.04635	195.89999	0.551	0.75476	0.85393	0.32157	0.01934	0.06015	0.11157	9	15
OZ80	12.71379	12.91484	7.10234	3.30679	-0.12998	3.21513	269.5	0.528	0.82363	0.51173	0.20581	0.0074	0.03596	0.03764	11	15
PD70	11.1391	12.17329	5.20394	2.20723	-2.12483	1.9991	129.8	0.449	0.95903	0.13055	0.19211	0.00101	0.00524	0.05697	1	15
PD71	11.24744	12.16686	5.31333	2.34775	-2.10533	2.13784	131.89999	0.476	0.95039	0.10003	0.20885	0.00116	0.00557	0.08068	2	16
PD72	11.3851	12.2407	5.62819	2.50279	-2.13363	2.31893	138.8	0.501	0.92049	0	0.21426	0.00188	0.00877	0.10031	3	16
PD73	11.5487	12.37292	5.74236	2.56991	-2.07581	2.44193	148.7	0.5	0.89653	0	0.22404	0.00238	0.0106	0.10916	4	16
PD74	11.73957	12.42447	5.86413	2.65513	-1.61852	2.59191	159.10001	0.529	0.85764	0	0.23191	0.00399	0.0172	0.13117	5	16
PD75	11.86619	12.45744	6.00378	2.80281	-1.15812	2.79326	161.60001	0.496	0.84873	0	0.26512	0.00524	0.01975	0.09307	6	16
PD76	11.90726	12.50471	5.57384	2.90895	-1.10847	2.84365	166.7	0.51	0.81759	0	0.28604	0.00568	0.01986	0.12254	7	16
PD77	12.12313	12.58601	6.28642	3.13292	-0.99334	2.88552	169.3	0.518	0.81945	0	0.20394	0.00469	0.023	0.1176	8	16
PD78	12.28854	12.68035	6.41768	3.14969	-0.93104	3.0335	180.7	0.547	0.80386	0.06862	0.15501	0.00416	0.02681	0.10161	9	16
PD79	12.60136	12.92878	6.60109	3.12099	-0.55138	3.04526	216.8	0.554	0.79889	0	0.28766	0.00636	0.02211	0.11172	10	16
PD80	12.92139	13.24894	6.81479	3.26189	-0.11395	3.24264	258.39999	0.518	0.74208	0	0.25989	0.00773	0.02975	0.11331	11	16
RE79	13.34908	13.05443	6.60948	3.19855	-0.57116	3.1541	203.2	0.514	0.73513	0.5723	0	0	0.02577	0.04072	10	17
RE80	13.66626	13.88826	6.72454	2.90885	-0.12487	2.92614	217.5	0.467	0.88649	0.76883	0.02805	0.00028	0.00986	-0.00727	11	17
SO70	10.93793	11.92421	5.24142	2.402	-2.09033	2.59121	143.10001	0.388	0.97404	0.32088	0.57411	0.00387	0.00674	-0.01991	1	18
SO71	11.11076	12.01725	5.52354	2.3739	-2.0007	2.66456	144.2	0.432	0.94021	0.43068	0.59773	0.00946	0.01583	0.0462	2	18
SO72	11.18603	12.07683	5.58904	2.56735	-2.06946	2.61849	143.89999	0.48	0.8587	0.4355	0.68261	0.02149	0.03148	0.09623	3	18
SO73	11.40323	12.31985	5.64609	2.5738	-2.06769	2.6846	162.2	0.453	0.89919	0	0.26812	0.00598	0.0223	0.02659	4	18
SO74	11.61843	12.32839	5.91964	2.6689	-1.49583	2.7758	165	0.522	0.85054	0.72268	0.27732	0.00856	0.03086	0.09667	5	18
SO75	11.74209	12.38587	6.06145	2.8174	-1.25174	2.9056	174.5	0.515	0.80881	0.72268	0.26547	0.00981	0.03696	0.1081	6	18
SO76	11.90716	12.50396	6.1103	2.87454	-1.167	3.03672	180.89999	0.519	0.81354	0.12937	0.30101	0.01141	0.03791	0.07988	7	18
SO77	12.02176	12.56723	6.29221	3.10889	-1.02517	3.06836	187	0.52	0.79949	0.34353	0.21369	0.0086	0.04024	0.09411	8	18
SO78	12.20342	12.73303	6.80656	3.01622	-0.96854	3.09742	206.5	0.548	0.80363	0	0.19159	0.0069	0.03604	0.10171	9	18
TI70	11.13989	12.20746	5.21289	2.44904	-2.13293	2.54664	160.10001	0.412	1.00001	0	0	0	-0	0.00414	1	19
TI71	11.24857	12.12991	5.44759	2.60362	-2.03569	2.69987	161.3	0.472	1.00002	0	0	0	-0.00001	-0.53177	2	19
TI72	11.24856	12.0082	5.40993	2.61351	-1.99503	2.77714	166.89999	0.499	0.88771	0	0	0	0.03631	0.05324	3	19
TI73	11.30418	12.14223	5.50789	2.71537	-2.1975	2.65635	196.7	0.459	0.86748	0	0	0	0.05193	0.06629	4	19
TI76	11.74362	12.27639	5.79438	2.93604	-1.143	3.02765	239.60001	0.536	0.89672	0	0	0	0.04411	0.11398	7	19
TI77	11.92932	12.49893	6.03957	3.11262	-1.01838	3.03275	260.5	0.577	0.85518	0	0	0	0.053	0.11574	8	19
TI78	12.13494	12.71973	6.77923	3.10172	-0.92697	3.02988	304.5	0.6	0.79183	0	0.26685	0.00621	0.02328	0.05524	9	19
TI79	12.37927	12.98042	6.7762	3.17743	-0.55764	3.12667	383	0.621	0.76745	0	0.15675	0.00368	0.02347	0.01175	10	19
TI80	12.65149	13.09039	6.85775	3.33135	-0.13492	3.31481	399.89999	0.575	0.78375	0	0.39922	0.00361	0.00904	0.00862	11	19
