CONT_ID	PERIOD	LP_RPED	LP_UECC	LP_CACC	LS_RPED	LS_UECC	LS_CACC
1	1	61996	0.3151	0.2928	61996	0.5426	0.5230
1	2	61995	0.0995	0.2662	61995	0.4167	0.5230
1	3	111994	0.1395	0.2662	61994	0.4977	0.5230
1	4	61994	0.1431	0.2420	61993	0.5825	0.5230
1	5	61993	0.1200	0.2420	61992	0.5288	0.5230
1	6	61992	0.1851	0.2420	61991	0.5439	0.4750
1	7	61991	0.1112	0.2320	61990	0.6446	0.4750
2	1	0	0.0000	0.0000	0	0.0000	0.0000
2	2	0	0.0000	0.0000	0	0.0000	0.0000
2	3	0	0.0000	0.0000	0	0.0000	0.0000
2	4	0	0.0000	0.0000	0	0.0000	0.0000
2	5	0	0.0000	0.0000	0	0.0000	0.0000
2	6	0	0.0000	0.0000	0	0.0000	0.0000
2	7	0	0.0000	0.0000	0	0.0000	0.0000
3	1	0	0.0000	0.0000	0	0.0000	0.0000
3	2	0	0.0000	0.0000	0	0.0000	0.0000
3	3	0	0.0000	0.0000	0	0.0000	0.0000
3	4	0	0.0000	0.0000	0	0.0000	0.0000
3	5	0	0.0000	0.0000	0	0.0000	0.0000
3	6	0	0.0000	0.0000	0	0.0000	0.0000
3	7	0	0.0000	0.0000	0	0.0000	0.0000
4	1	101996	0.4152	0.2662	101996	0.5410	0.5230
4	2	101995	0.2138	0.2420	101995	0.5636	0.5230
4	3	101994	0.2449	0.2420	101994	0.3929	0.5230
4	4	101993	0.2371	0.2420	101993	0.5260	0.5230
4	5	101992	0.3476	0.2420	101992	0.6930	0.5230
4	6	101991	0.3876	0.2410	101991	0.6861	0.4750
4	7	101990	0.3196	0.2320	101990	0.6701	0.4750
5	1	0	0.0000	0.0000	0	0.0000	0.0000
5	2	0	0.0000	0.0000	0	0.0000	0.0000
5	3	0	0.0000	0.0000	0	0.0000	0.0000
5	4	0	0.0000	0.0000	0	0.0000	0.0000
5	5	0	0.0000	0.0000	0	0.0000	0.0000
5	6	0	0.0000	0.0000	0	0.0000	0.0000
5	7	0	0.0000	0.0000	0	0.0000	0.0000
6	1	0	0.0000	0.0000	0	0.0000	0.0000
6	2	0	0.0000	0.0000	0	0.0000	0.0000
6	3	0	0.0000	0.0000	0	0.0000	0.0000
6	4	0	0.0000	0.0000	0	0.0000	0.0000
6	5	0	0.0000	0.0000	0	0.0000	0.0000
6	6	0	0.0000	0.0000	0	0.0000	0.0000
6	7	0	0.0000	0.0000	0	0.0000	0.0000
7	1	0	0.0000	0.0000	0	0.0000	0.0000
7	2	0	0.0000	0.0000	0	0.0000	0.0000
7	3	0	0.0000	0.0000	0	0.0000	0.0000
7	4	0	0.0000	0.0000	0	0.0000	0.0000
7	5	0	0.0000	0.0000	0	0.0000	0.0000
7	6	0	0.0000	0.0000	0	0.0000	0.0000
7	7	0	0.0000	0.0000	0	0.0000	0.0000
8	1	0	0.0000	0.0000	0	0.0000	0.0000
8	2	0	0.0000	0.0000	0	0.0000	0.0000
8	3	0	0.0000	0.0000	0	0.0000	0.0000
8	4	0	0.0000	0.0000	0	0.0000	0.0000
8	5	0	0.0000	0.0000	0	0.0000	0.0000
8	6	0	0.0000	0.0000	0	0.0000	0.0000
8	7	0	0.0000	0.0000	0	0.0000	0.0000
9	1	111996	0.3623	0.3543	0	0.0000	0.0000
9	2	111995	0.3472	0.3543	0	0.0000	0.0000
9	3	101994	0.3908	0.3543	0	0.0000	0.0000
9	4	0	0.0000	0.0000	0	0.0000	0.0000
9	5	0	0.0000	0.0000	0	0.0000	0.0000
9	6	0	0.0000	0.0000	0	0.0000	0.0000
9	7	0	0.0000	0.0000	0	0.0000	0.0000
10	1	0	0.0000	0.0000	41996	0.3532	0.5230
10	2	0	0.0000	0.0000	101994	0.3829	0.5230
10	3	0	0.0000	0.0000	0	0.0000	0.0000
10	4	0	0.0000	0.0000	0	0.0000	0.0000
10	5	0	0.0000	0.0000	0	0.0000	0.0000
10	6	0	0.0000	0.0000	0	0.0000	0.0000
10	7	0	0.0000	0.0000	0	0.0000	0.0000
11	1	0	0.0000	0.0000	51996	0.4976	0.4772
11	2	0	0.0000	0.0000	51995	0.6258	0.4548
11	3	0	0.0000	0.0000	51994	0.3560	0.4331
11	4	0	0.0000	0.0000	51993	0.4385	0.4121
11	5	0	0.0000	0.0000	91991	0.3472	0.4750
11	6	0	0.0000	0.0000	0	0.0000	0.0000
11	7	0	0.0000	0.0000	0	0.0000	0.0000
12	1	11997	0.4846	0.4890	11997	0.7462	0.5230
12	2	11996	0.4835	0.4890	11996	0.6763	0.5230
12	3	11995	0.4786	0.4890	21995	0.6434	0.5230
12	4	11994	0.4849	0.4890	11994	0.5164	0.5230
12	5	11993	0.4999	0.4890	11993	0.7035	0.5230
12	6	11992	0.5305	0.4874	11992	0.7231	0.5230
12	7	21991	0.4150	0.4299	21991	0.7346	0.4750
13	1	0	0.0000	0.0000	0	0.0000	0.0000
13	2	0	0.0000	0.0000	0	0.0000	0.0000
13	3	0	0.0000	0.0000	0	0.0000	0.0000
13	4	0	0.0000	0.0000	0	0.0000	0.0000
13	5	0	0.0000	0.0000	0	0.0000	0.0000
13	6	0	0.0000	0.0000	0	0.0000	0.0000
13	7	0	0.0000	0.0000	0	0.0000	0.0000
14	1	0	0.0000	0.0000	0	0.0000	0.0000
14	2	0	0.0000	0.0000	0	0.0000	0.0000
14	3	0	0.0000	0.0000	0	0.0000	0.0000
14	4	0	0.0000	0.0000	0	0.0000	0.0000
14	5	0	0.0000	0.0000	0	0.0000	0.0000
14	6	0	0.0000	0.0000	0	0.0000	0.0000
14	7	0	0.0000	0.0000	0	0.0000	0.0000
15	1	0	0.0000	0.0000	0	0.0000	0.0000
15	2	0	0.0000	0.0000	0	0.0000	0.0000
15	3	0	0.0000	0.0000	0	0.0000	0.0000
15	4	0	0.0000	0.0000	0	0.0000	0.0000
15	5	0	0.0000	0.0000	0	0.0000	0.0000
15	6	0	0.0000	0.0000	0	0.0000	0.0000
15	7	0	0.0000	0.0000	0	0.0000	0.0000
16	1	121996	0.3422	0.3340	121996	0.5163	0.5230
16	2	121995	0.3420	0.3340	121995	0.5528	0.5230
16	3	121994	0.3113	0.3340	121994	0.4778	0.5230
16	4	121993	0.3458	0.3340	121993	0.5841	0.5230
16	5	121992	0.3232	0.3340	121992	0.5430	0.5230
16	6	121991	0.3529	0.3329	121991	0.5326	0.5230
16	7	121990	0.3362	0.3230	121990	0.5850	0.4750
17	1	11997	0.1432	0.2420	11997	0.4103	0.5230
17	2	11996	0.1408	0.2420	11996	0.3210	0.5230
17	3	11995	0.1854	0.2420	11995	0.3411	0.5230
17	4	11994	0.1656	0.2420	11994	0.3009	0.5230
17	5	11993	0.2406	0.2420	11993	0.3664	0.5230
17	6	11992	0.1619	0.2410	11992	0.4395	0.5230
17	7	11991	0.2074	0.2320	11991	0.5723	0.4750
18	1	81996	0.5051	0.4890	0	0.0000	0.0000
18	2	111995	0.4997	0.4890	0	0.0000	0.0000
18	3	81994	0.4916	0.4890	0	0.0000	0.0000
18	4	81993	0.3938	0.4890	0	0.0000	0.0000
18	5	81992	0.3282	0.4890	0	0.0000	0.0000
18	6	0	0.0000	0.0000	0	0.0000	0.0000
18	7	0	0.0000	0.0000	0	0.0000	0.0000
19	1	0	0.0000	0.0000	121996	1.0070	0.6092
19	2	0	0.0000	0.0000	111995	0.9415	0.6092
19	3	0	0.0000	0.0000	61994	0.4532	0.5528
19	4	0	0.0000	0.0000	0	0.0000	0.0000
19	5	0	0.0000	0.0000	0	0.0000	0.0000
19	6	0	0.0000	0.0000	0	0.0000	0.0000
19	7	0	0.0000	0.0000	0	0.0000	0.0000
20	1	0	0.0000	0.0000	0	0.0000	0.0000
20	2	0	0.0000	0.0000	0	0.0000	0.0000
20	3	0	0.0000	0.0000	0	0.0000	0.0000
20	4	0	0.0000	0.0000	0	0.0000	0.0000
20	5	0	0.0000	0.0000	0	0.0000	0.0000
20	6	0	0.0000	0.0000	0	0.0000	0.0000
20	7	0	0.0000	0.0000	0	0.0000	0.0000
21	1	0	0.0000	0.0000	0	0.0000	0.0000
21	2	0	0.0000	0.0000	0	0.0000	0.0000
21	3	0	0.0000	0.0000	0	0.0000	0.0000
21	4	0	0.0000	0.0000	0	0.0000	0.0000
21	5	0	0.0000	0.0000	0	0.0000	0.0000
21	6	0	0.0000	0.0000	0	0.0000	0.0000
21	7	0	0.0000	0.0000	0	0.0000	0.0000
22	1	21997	0.3250	0.3340	21994	0.5083	0.5230
22	2	21996	0.3256	0.3340	21993	0.5377	0.5230
22	3	21995	0.3254	0.3340	21992	0.5117	0.5230
22	4	21994	0.3252	0.3340	21991	0.4889	0.4750
22	5	21993	0.3348	0.3340	21990	0.4279	0.4750
22	6	21992	0.3333	0.3329	21989	0.4271	0.4750
22	7	21991	0.3508	0.3230	21988	0.4334	0.4750
23	1	101996	0.2405	0.2420	101996	0.5876	0.5230
23	2	101995	0.2965	0.2420	101995	0.8936	0.5230
23	3	101994	0.2677	0.2420	101994	0.7011	0.5230
23	4	121992	0.2578	0.2320	121992	0.3539	0.5230
23	5	0	0.0000	0.0000	0	0.0000	0.0000
23	6	0	0.0000	0.0000	0	0.0000	0.0000
23	7	0	0.0000	0.0000	0	0.0000	0.0000
24	1	0	0.0000	0.0000	0	0.0000	0.0000
24	2	0	0.0000	0.0000	0	0.0000	0.0000
24	3	0	0.0000	0.0000	0	0.0000	0.0000
24	4	0	0.0000	0.0000	0	0.0000	0.0000
24	5	0	0.0000	0.0000	0	0.0000	0.0000
24	6	0	0.0000	0.0000	0	0.0000	0.0000
24	7	0	0.0000	0.0000	0	0.0000	0.0000
25	1	0	0.0000	0.0000	0	0.0000	0.0000
25	2	0	0.0000	0.0000	0	0.0000	0.0000
25	3	0	0.0000	0.0000	0	0.0000	0.0000
25	4	0	0.0000	0.0000	0	0.0000	0.0000
25	5	0	0.0000	0.0000	0	0.0000	0.0000
25	6	0	0.0000	0.0000	0	0.0000	0.0000
25	7	0	0.0000	0.0000	0	0.0000	0.0000
26	1	0	0.0000	0.0000	0	0.0000	0.0000
26	2	0	0.0000	0.0000	0	0.0000	0.0000
26	3	0	0.0000	0.0000	0	0.0000	0.0000
26	4	0	0.0000	0.0000	0	0.0000	0.0000
26	5	0	0.0000	0.0000	0	0.0000	0.0000
26	6	0	0.0000	0.0000	0	0.0000	0.0000
26	7	0	0.0000	0.0000	0	0.0000	0.0000
27	1	91996	0.4428	0.4729	91996	0.4745	0.5230
27	2	91995	0.4415	0.4729	91995	0.3281	0.5230
27	3	91994	0.4292	0.4729	101994	0.3915	0.5230
27	4	91993	0.4563	0.4729	91993	0.3336	0.5230
27	5	121992	0.2683	0.3230	91992	0.3717	0.5230
27	6	91986	0.2586	0.2320	91991	0.3866	0.4750
27	7	121985	0.2333	0.2320	91990	0.4574	0.4750
28	1	0	0.0000	0.0000	61996	0.2258	0.5230
28	2	0	0.0000	0.0000	61995	0.3637	0.5230
28	3	0	0.0000	0.0000	61994	0.2578	0.5230
28	4	0	0.0000	0.0000	61993	0.3615	0.5230
28	5	0	0.0000	0.0000	61992	0.4374	0.5230
28	6	0	0.0000	0.0000	41991	0.3633	0.4750
28	7	0	0.0000	0.0000	0	0.0000	0.0000
29	1	0	0.0000	0.0000	0	0.0000	0.0000
29	2	0	0.0000	0.0000	0	0.0000	0.0000
29	3	0	0.0000	0.0000	0	0.0000	0.0000
29	4	0	0.0000	0.0000	0	0.0000	0.0000
29	5	0	0.0000	0.0000	0	0.0000	0.0000
29	6	0	0.0000	0.0000	0	0.0000	0.0000
29	7	0	0.0000	0.0000	0	0.0000	0.0000
30	1	0	0.0000	0.0000	0	0.0000	0.0000
30	2	0	0.0000	0.0000	0	0.0000	0.0000
30	3	0	0.0000	0.0000	0	0.0000	0.0000
30	4	0	0.0000	0.0000	0	0.0000	0.0000
30	5	0	0.0000	0.0000	0	0.0000	0.0000
30	6	0	0.0000	0.0000	0	0.0000	0.0000
30	7	0	0.0000	0.0000	0	0.0000	0.0000
31	1	111996	0.4033	0.3340	111996	0.3777	0.5230
31	2	111995	0.6421	0.3340	111995	0.4911	0.5230
31	3	111994	0.5338	0.3340	121994	0.3697	0.5230
31	4	111993	0.3941	0.3340	111993	0.5148	0.5230
31	5	111992	0.5195	0.3340	111992	0.4404	0.5230
31	6	111991	0.5456	0.3329	111991	0.6346	0.4750
31	7	111990	0.6567	0.3230	111990	0.4346	0.4750
32	1	121995	0.4966	0.4890	11992	0.5213	0.5230
32	2	121994	0.4908	0.4890	31991	0.4808	0.4750
32	3	121993	0.4622	0.4446	121990	0.4904	0.4750
32	4	121992	0.4131	0.4041	121989	0.4411	0.4750
32	5	121991	0.3535	0.3329	121988	0.5836	0.4750
32	6	31991	0.3115	0.3230	121987	0.5573	0.4750
32	7	121990	0.3116	0.3230	121986	0.5412	0.4750
33	1	91996	0.2840	0.3340	91996	0.6037	0.5230
33	2	91995	0.3650	0.3340	91995	0.6328	0.5230
33	3	91994	0.3802	0.3340	91994	0.7045	0.5230
33	4	91993	0.3299	0.3340	91993	0.5090	0.5230
33	5	91992	0.3424	0.3340	91992	0.4912	0.5230
33	6	91991	0.3276	0.3329	91991	0.4572	0.4750
33	7	91990	0.4033	0.3230	91990	0.6702	0.4750
34	1	0	0.0000	0.0000	0	0.0000	0.0000
34	2	0	0.0000	0.0000	0	0.0000	0.0000
34	3	0	0.0000	0.0000	0	0.0000	0.0000
34	4	0	0.0000	0.0000	0	0.0000	0.0000
34	5	0	0.0000	0.0000	0	0.0000	0.0000
34	6	0	0.0000	0.0000	0	0.0000	0.0000
34	7	0	0.0000	0.0000	0	0.0000	0.0000
35	1	81996	0.3530	0.3543	81996	1.0890	0.7730
35	2	71995	0.4027	0.3543	71995	1.4190	0.7359
35	3	0	0.0000	0.0000	0	0.0000	0.0000
35	4	0	0.0000	0.0000	0	0.0000	0.0000
35	5	0	0.0000	0.0000	0	0.0000	0.0000
35	6	0	0.0000	0.0000	0	0.0000	0.0000
35	7	0	0.0000	0.0000	0	0.0000	0.0000
36	1	81996	0.2897	0.2928	81996	0.9488	0.8520
36	2	31995	0.3469	0.3543	31995	0.6147	0.8112
36	3	0	0.0000	0.0000	0	0.0000	0.0000
36	4	0	0.0000	0.0000	0	0.0000	0.0000
36	5	0	0.0000	0.0000	0	0.0000	0.0000
36	6	0	0.0000	0.0000	0	0.0000	0.0000
36	7	0	0.0000	0.0000	0	0.0000	0.0000
37	1	111996	0.3011	0.3340	111989	0.5534	0.4750
37	2	111995	0.3058	0.3340	111988	0.4239	0.4750
37	3	111994	0.3101	0.3340	111987	0.4583	0.4750
37	4	111993	0.3156	0.3340	111986	0.5062	0.4750
37	5	111992	0.3267	0.3340	21986	0.5782	0.4752
37	6	111991	0.3677	0.3329	91985	0.6511	0.4752
37	7	91991	0.3677	0.3329	0	0.0000	0.0000
38	1	0	0.0000	0.0000	0	0.0000	0.0000
38	2	0	0.0000	0.0000	0	0.0000	0.0000
38	3	0	0.0000	0.0000	0	0.0000	0.0000
38	4	0	0.0000	0.0000	0	0.0000	0.0000
38	5	0	0.0000	0.0000	0	0.0000	0.0000
38	6	0	0.0000	0.0000	0	0.0000	0.0000
38	7	0	0.0000	0.0000	0	0.0000	0.0000
39	1	0	0.0000	0.0000	0	0.0000	0.0000
39	2	0	0.0000	0.0000	0	0.0000	0.0000
39	3	0	0.0000	0.0000	0	0.0000	0.0000
39	4	0	0.0000	0.0000	0	0.0000	0.0000
39	5	0	0.0000	0.0000	0	0.0000	0.0000
39	6	0	0.0000	0.0000	0	0.0000	0.0000
39	7	0	0.0000	0.0000	0	0.0000	0.0000
40	1	71996	0.3480	0.2420	71992	0.1576	0.5230
40	2	71995	0.3763	0.2420	71991	0.1826	0.4750
40	3	71994	0.4104	0.2420	71990	0.1834	0.4750
40	4	71993	0.2775	0.2420	71989	0.1925	0.4750
40	5	71992	0.3839	0.2420	71988	0.2188	0.4750
40	6	71991	0.3315	0.2320	71987	0.2073	0.4750
40	7	71990	0.3443	0.2320	71986	0.3337	0.4752
41	1	0	0.0000	0.0000	0	0.0000	0.0000
41	2	0	0.0000	0.0000	0	0.0000	0.0000
41	3	0	0.0000	0.0000	0	0.0000	0.0000
41	4	0	0.0000	0.0000	0	0.0000	0.0000
41	5	0	0.0000	0.0000	0	0.0000	0.0000
41	6	0	0.0000	0.0000	0	0.0000	0.0000
41	7	0	0.0000	0.0000	0	0.0000	0.0000
42	1	0	0.0000	0.0000	0	0.0000	0.0000
42	2	0	0.0000	0.0000	0	0.0000	0.0000
42	3	0	0.0000	0.0000	0	0.0000	0.0000
42	4	0	0.0000	0.0000	0	0.0000	0.0000
42	5	0	0.0000	0.0000	0	0.0000	0.0000
42	6	0	0.0000	0.0000	0	0.0000	0.0000
42	7	0	0.0000	0.0000	0	0.0000	0.0000
43	1	0	0.0000	0.0000	0	0.0000	0.0000
43	2	0	0.0000	0.0000	0	0.0000	0.0000
43	3	0	0.0000	0.0000	0	0.0000	0.0000
43	4	0	0.0000	0.0000	0	0.0000	0.0000
43	5	0	0.0000	0.0000	0	0.0000	0.0000
43	6	0	0.0000	0.0000	0	0.0000	0.0000
43	7	0	0.0000	0.0000	0	0.0000	0.0000
44	1	0	0.0000	0.0000	0	0.0000	0.0000
44	2	0	0.0000	0.0000	0	0.0000	0.0000
44	3	0	0.0000	0.0000	0	0.0000	0.0000
44	4	0	0.0000	0.0000	0	0.0000	0.0000
44	5	0	0.0000	0.0000	0	0.0000	0.0000
44	6	0	0.0000	0.0000	0	0.0000	0.0000
44	7	0	0.0000	0.0000	0	0.0000	0.0000
45	1	31994	0.3510	0.3543	31996	0.7261	0.7008
45	2	31993	0.3476	0.3543	31995	0.5240	0.6673
45	3	31992	0.3419	0.3543	31994	0.5054	0.6360
45	4	91991	0.3330	0.3528	31993	0.3890	0.6056
45	5	31991	0.3114	0.3397	31992	0.3525	0.5763
45	6	121989	0.3290	0.3088	91991	0.2991	0.4750
45	7	0	0.0000	0.0000	31991	0.2200	0.4750
46	1	11997	0.2238	0.3340	0	0.0000	0.0000
46	2	11996	0.3110	0.3340	0	0.0000	0.0000
46	3	11995	0.2658	0.3340	0	0.0000	0.0000
46	4	11994	0.3469	0.3340	0	0.0000	0.0000
46	5	11993	0.3206	0.3340	0	0.0000	0.0000
46	6	11992	0.2882	0.3329	0	0.0000	0.0000
46	7	71991	0.3541	0.3230	0	0.0000	0.0000
47	1	21997	0.3313	0.3340	21997	0.5773	0.5230
47	2	21996	0.3752	0.3340	21996	0.5554	0.5230
47	3	21995	0.3384	0.3340	21995	0.5537	0.5230
47	4	21994	0.3915	0.3340	21994	0.5754	0.5230
47	5	21993	0.3210	0.3340	21993	0.5421	0.5230
47	6	21992	0.3195	0.3329	21992	0.5427	0.5230
47	7	21991	0.3099	0.3230	21991	0.4850	0.4750
48	1	51996	0.4397	0.4446	51996	0.5737	0.6056
48	2	51995	0.3970	0.4041	51995	0.5365	0.5763
48	3	51994	0.3456	0.3553	51994	0.5598	0.5492
48	4	0	0.0000	0.0000	0	0.0000	0.0000
48	5	0	0.0000	0.0000	0	0.0000	0.0000
48	6	0	0.0000	0.0000	0	0.0000	0.0000
48	7	0	0.0000	0.0000	0	0.0000	0.0000
49	1	41996	0.3296	0.3340	41996	0.5993	0.5230
49	2	41995	0.3503	0.3340	41995	0.5321	0.5230
49	3	41994	0.3495	0.3340	41994	0.5117	0.5230
49	4	41993	0.4050	0.3340	41993	0.6015	0.5230
49	5	41992	0.3369	0.3340	41992	0.5515	0.5230
49	6	41991	0.3394	0.3230	41991	0.5474	0.4750
49	7	41990	0.3672	0.3230	41990	0.5500	0.4750
50	1	0	0.0000	0.0000	0	0.0000	0.0000
50	2	0	0.0000	0.0000	0	0.0000	0.0000
50	3	0	0.0000	0.0000	0	0.0000	0.0000
50	4	0	0.0000	0.0000	0	0.0000	0.0000
50	5	0	0.0000	0.0000	0	0.0000	0.0000
50	6	0	0.0000	0.0000	0	0.0000	0.0000
50	7	0	0.0000	0.0000	0	0.0000	0.0000
51	1	0	0.0000	0.0000	0	0.0000	0.0000
51	2	0	0.0000	0.0000	0	0.0000	0.0000
51	3	0	0.0000	0.0000	0	0.0000	0.0000
51	4	0	0.0000	0.0000	0	0.0000	0.0000
51	5	0	0.0000	0.0000	0	0.0000	0.0000
51	6	0	0.0000	0.0000	0	0.0000	0.0000
51	7	0	0.0000	0.0000	0	0.0000	0.0000
52	1	11997	0.2816	0.3230	0	0.0000	0.0000
52	2	0	0.0000	0.0000	0	0.0000	0.0000
52	3	0	0.0000	0.0000	0	0.0000	0.0000
52	4	0	0.0000	0.0000	0	0.0000	0.0000
52	5	0	0.0000	0.0000	0	0.0000	0.0000
52	6	0	0.0000	0.0000	0	0.0000	0.0000
52	7	0	0.0000	0.0000	0	0.0000	0.0000
53	1	0	0.0000	0.0000	0	0.0000	0.0000
53	2	0	0.0000	0.0000	0	0.0000	0.0000
53	3	0	0.0000	0.0000	0	0.0000	0.0000
53	4	0	0.0000	0.0000	0	0.0000	0.0000
53	5	0	0.0000	0.0000	0	0.0000	0.0000
53	6	0	0.0000	0.0000	0	0.0000	0.0000
53	7	0	0.0000	0.0000	0	0.0000	0.0000
54	1	121996	0.2911	0.3340	121996	0.5274	0.5230
54	2	121995	0.2860	0.3340	121995	0.6407	0.5230
54	3	121994	0.3160	0.3340	121994	0.5987	0.5230
54	4	121993	0.3102	0.3340	121993	0.7240	0.5230
54	5	121992	0.3269	0.3340	121992	0.6171	0.5230
54	6	121991	0.3038	0.3329	121991	0.6089	0.5230
54	7	121990	0.3831	0.3230	121990	0.6150	0.4750
55	1	0	0.0000	0.0000	0	0.0000	0.0000
55	2	0	0.0000	0.0000	0	0.0000	0.0000
55	3	0	0.0000	0.0000	0	0.0000	0.0000
55	4	0	0.0000	0.0000	0	0.0000	0.0000
55	5	0	0.0000	0.0000	0	0.0000	0.0000
55	6	0	0.0000	0.0000	0	0.0000	0.0000
55	7	0	0.0000	0.0000	0	0.0000	0.0000
56	1	0	0.0000	0.0000	91996	0.8381	0.8112
56	2	0	0.0000	0.0000	91995	0.8426	0.7730
56	3	0	0.0000	0.0000	91994	0.7933	0.7359
56	4	0	0.0000	0.0000	91993	0.7702	0.7008
56	5	0	0.0000	0.0000	91992	0.7512	0.6673
56	6	0	0.0000	0.0000	91991	0.6429	0.5776
56	7	0	0.0000	0.0000	91990	0.4564	0.5501
57	1	61996	0.4573	0.4890	61992	0.4671	0.5230
57	2	61995	0.4265	0.4446	61991	0.5010	0.4750
57	3	61994	0.3678	0.4041	61990	0.2771	0.4750
57	4	61993	0.3504	0.3674	61989	0.3339	0.4750
57	5	31993	0.3458	0.3674	61988	0.3975	0.4750
57	6	61992	0.2821	0.3340	61987	0.5415	0.4750
57	7	61991	0.2960	0.3230	61986	0.4341	0.4752
58	1	91996	0.5479	0.4890	91996	0.7588	0.5230
58	2	91995	0.5331	0.4890	91995	0.6406	0.5230
58	3	91994	0.6182	0.4890	91994	0.6473	0.5230
58	4	91993	0.7056	0.4890	91993	0.8577	0.5230
58	5	91992	0.7021	0.4446	91992	0.4785	0.5230
58	6	91991	0.4692	0.4028	91991	0.3588	0.4750
58	7	101990	0.4101	0.3230	101990	0.4220	0.4750
59	1	121996	0.2964	0.3340	121996	1.1530	0.5230
59	2	121995	0.2994	0.3340	121995	0.9618	0.5230
59	3	121994	0.4040	0.3340	121994	1.0860	0.5230
59	4	121993	0.2986	0.3340	121993	0.8240	0.5230
59	5	121992	0.2672	0.3340	121992	0.7589	0.5230
59	6	121991	0.3292	0.3329	121991	0.8347	0.5230
59	7	121990	0.2694	0.3230	121990	0.5496	0.4750
60	1	0	0.0000	0.0000	41996	0.5230	0.6360
60	2	0	0.0000	0.0000	41995	0.7287	0.6056
60	3	0	0.0000	0.0000	41994	0.3661	0.5763
60	4	0	0.0000	0.0000	41993	0.5330	0.5230
60	5	0	0.0000	0.0000	41992	0.4462	0.5230
60	6	0	0.0000	0.0000	41991	0.5058	0.4750
60	7	0	0.0000	0.0000	41990	0.2303	0.4750
61	1	51996	0.3275	0.3340	0	0.0000	0.0000
61	2	51995	0.3271	0.3340	0	0.0000	0.0000
61	3	51994	0.3276	0.3340	0	0.0000	0.0000
61	4	51993	0.3278	0.3340	0	0.0000	0.0000
61	5	51992	0.3405	0.3340	0	0.0000	0.0000
61	6	51991	0.3238	0.3230	0	0.0000	0.0000
61	7	51990	0.3994	0.3230	0	0.0000	0.0000
62	1	0	0.0000	0.0000	0	0.0000	0.0000
62	2	0	0.0000	0.0000	0	0.0000	0.0000
62	3	0	0.0000	0.0000	0	0.0000	0.0000
62	4	0	0.0000	0.0000	0	0.0000	0.0000
62	5	0	0.0000	0.0000	0	0.0000	0.0000
62	6	0	0.0000	0.0000	0	0.0000	0.0000
62	7	0	0.0000	0.0000	0	0.0000	0.0000
63	1	0	0.0000	0.0000	0	0.0000	0.0000
63	2	0	0.0000	0.0000	0	0.0000	0.0000
63	3	0	0.0000	0.0000	0	0.0000	0.0000
63	4	0	0.0000	0.0000	0	0.0000	0.0000
63	5	0	0.0000	0.0000	0	0.0000	0.0000
63	6	0	0.0000	0.0000	0	0.0000	0.0000
63	7	0	0.0000	0.0000	0	0.0000	0.0000
64	1	0	0.0000	0.0000	91996	0.8164	0.7730
64	2	0	0.0000	0.0000	91995	0.7859	0.7359
64	3	0	0.0000	0.0000	91994	0.7798	0.7008
64	4	0	0.0000	0.0000	91993	0.7411	0.6673
64	5	0	0.0000	0.0000	91992	0.7566	0.6360
64	6	0	0.0000	0.0000	91991	0.5222	0.5501
64	7	0	0.0000	0.0000	91990	0.4795	0.5235
65	1	0	0.0000	0.0000	0	0.0000	0.0000
65	2	0	0.0000	0.0000	0	0.0000	0.0000
65	3	0	0.0000	0.0000	0	0.0000	0.0000
65	4	0	0.0000	0.0000	0	0.0000	0.0000
65	5	0	0.0000	0.0000	0	0.0000	0.0000
65	6	0	0.0000	0.0000	0	0.0000	0.0000
65	7	0	0.0000	0.0000	0	0.0000	0.0000
66	1	11997	0.1642	0.2420	11997	0.5021	0.5230
66	2	11996	0.2450	0.2420	11996	0.6329	0.5230
66	3	11995	0.2420	0.2420	11995	0.6095	0.5230
66	4	11994	0.3088	0.2420	11994	0.6170	0.5230
66	5	11993	0.2258	0.2420	11993	0.5472	0.5230
66	6	11992	0.1641	0.2410	11992	0.4329	0.5230
66	7	11991	0.1585	0.2320	11991	0.3096	0.4750
67	1	11997	0.4782	0.4890	11994	0.5450	0.5230
67	2	11996	0.4296	0.4446	11993	0.6554	0.5230
67	3	11995	0.3860	0.4041	11992	0.6368	0.5230
67	4	11994	0.3261	0.3340	11991	0.6596	0.4750
67	5	11993	0.3232	0.3340	11990	0.5526	0.4750
67	6	11992	0.3528	0.3329	11989	0.5201	0.4750
67	7	11991	0.3183	0.3230	11988	0.6538	0.4750
68	1	0	0.0000	0.0000	0	0.0000	0.0000
68	2	0	0.0000	0.0000	0	0.0000	0.0000
68	3	0	0.0000	0.0000	0	0.0000	0.0000
68	4	0	0.0000	0.0000	0	0.0000	0.0000
68	5	0	0.0000	0.0000	0	0.0000	0.0000
68	6	0	0.0000	0.0000	0	0.0000	0.0000
68	7	0	0.0000	0.0000	0	0.0000	0.0000
69	1	61996	0.4647	0.4890	61996	0.8491	0.4772
69	2	0	0.0000	0.0000	0	0.0000	0.0000
69	3	0	0.0000	0.0000	0	0.0000	0.0000
69	4	0	0.0000	0.0000	0	0.0000	0.0000
69	5	0	0.0000	0.0000	0	0.0000	0.0000
69	6	0	0.0000	0.0000	0	0.0000	0.0000
69	7	0	0.0000	0.0000	0	0.0000	0.0000
70	1	0	0.0000	0.0000	0	0.0000	0.0000
70	2	0	0.0000	0.0000	0	0.0000	0.0000
70	3	0	0.0000	0.0000	0	0.0000	0.0000
70	4	0	0.0000	0.0000	0	0.0000	0.0000
70	5	0	0.0000	0.0000	0	0.0000	0.0000
70	6	0	0.0000	0.0000	0	0.0000	0.0000
70	7	0	0.0000	0.0000	0	0.0000	0.0000
71	1	0	0.0000	0.0000	0	0.0000	0.0000
71	2	0	0.0000	0.0000	0	0.0000	0.0000
71	3	0	0.0000	0.0000	0	0.0000	0.0000
71	4	0	0.0000	0.0000	0	0.0000	0.0000
71	5	0	0.0000	0.0000	0	0.0000	0.0000
71	6	0	0.0000	0.0000	0	0.0000	0.0000
71	7	0	0.0000	0.0000	0	0.0000	0.0000
72	1	91993	0.2012	0.2620	91993	0.6716	0.5230
72	2	91992	0.1903	0.2620	91992	0.6299	0.5230
72	3	91991	0.1739	0.2620	91991	0.4191	0.4750
72	4	91990	0.2158	0.2590	91990	0.6979	0.4750
72	5	51990	0.2500	0.2590	51990	0.7458	0.4750
72	6	31990	0.2382	0.2620	31990	0.6811	0.4750
72	7	91989	0.1646	0.2320	91989	0.5163	0.4750
73	1	0	0.0000	0.0000	0	0.0000	0.0000
73	2	0	0.0000	0.0000	0	0.0000	0.0000
73	3	0	0.0000	0.0000	0	0.0000	0.0000
73	4	0	0.0000	0.0000	0	0.0000	0.0000
73	5	0	0.0000	0.0000	0	0.0000	0.0000
73	6	0	0.0000	0.0000	0	0.0000	0.0000
73	7	0	0.0000	0.0000	0	0.0000	0.0000
74	1	0	0.0000	0.0000	0	0.0000	0.0000
74	2	0	0.0000	0.0000	0	0.0000	0.0000
74	3	0	0.0000	0.0000	0	0.0000	0.0000
74	4	0	0.0000	0.0000	0	0.0000	0.0000
74	5	0	0.0000	0.0000	0	0.0000	0.0000
74	6	0	0.0000	0.0000	0	0.0000	0.0000
74	7	0	0.0000	0.0000	0	0.0000	0.0000
75	1	11993	0.3924	0.3340	11993	0.4110	0.5230
75	2	11992	0.3299	0.3329	11992	0.5885	0.5230
75	3	11991	0.2900	0.3230	11991	0.4000	0.4750
75	4	11990	0.3430	0.3230	11990	0.4733	0.4750
75	5	11989	0.2776	0.3230	11989	0.3367	0.4750
75	6	11988	0.5157	0.3230	11988	0.3672	0.4750
75	7	11987	0.5176	0.2930	11987	0.2459	0.4750
76	1	0	0.0000	0.0000	0	0.0000	0.0000
76	2	0	0.0000	0.0000	0	0.0000	0.0000
76	3	0	0.0000	0.0000	0	0.0000	0.0000
76	4	0	0.0000	0.0000	0	0.0000	0.0000
76	5	0	0.0000	0.0000	0	0.0000	0.0000
76	6	0	0.0000	0.0000	0	0.0000	0.0000
76	7	0	0.0000	0.0000	0	0.0000	0.0000
77	1	31996	0.2592	0.2420	31996	0.5779	0.5230
77	2	31995	0.2967	0.2420	31995	0.5744	0.5230
77	3	31994	0.2782	0.2420	31994	0.5978	0.5230
77	4	31993	0.3570	0.2420	31993	0.6262	0.5230
77	5	31992	0.2823	0.2420	31992	0.6908	0.5230
77	6	31991	0.2350	0.2320	31991	0.4857	0.4750
77	7	31990	0.2787	0.2320	31990	0.5527	0.4750
78	1	121996	0.4412	0.3340	121996	0.5643	0.5230
78	2	121995	0.5746	0.3340	121995	0.4369	0.5230
78	3	121994	0.4433	0.3340	121994	0.4904	0.5230
78	4	121993	0.4109	0.3340	121993	0.4737	0.5230
78	5	121992	0.3145	0.3340	121992	0.4267	0.5230
78	6	121991	0.3672	0.3329	121991	0.4301	0.5230
78	7	121990	0.3194	0.3230	121990	0.4648	0.4750
79	1	111996	0.4849	0.4890	111996	0.5951	0.5262
79	2	111995	0.4820	0.4890	111995	0.4611	0.5012
79	3	111994	0.4962	0.4890	111994	0.4797	0.4772
79	4	111993	0.4814	0.4890	111993	0.4458	0.4548
79	5	111992	0.4818	0.4890	111992	0.4524	0.4331
79	6	81991	0.4804	0.5202	81991	0.2034	0.3570
79	7	0	0.0000	0.0000	0	0.0000	0.0000
80	1	0	0.0000	0.0000	0	0.0000	0.0000
80	2	0	0.0000	0.0000	0	0.0000	0.0000
80	3	0	0.0000	0.0000	0	0.0000	0.0000
80	4	0	0.0000	0.0000	0	0.0000	0.0000
80	5	0	0.0000	0.0000	0	0.0000	0.0000
80	6	0	0.0000	0.0000	0	0.0000	0.0000
80	7	0	0.0000	0.0000	0	0.0000	0.0000
81	1	0	0.0000	0.0000	0	0.0000	0.0000
81	2	0	0.0000	0.0000	0	0.0000	0.0000
81	3	0	0.0000	0.0000	0	0.0000	0.0000
81	4	0	0.0000	0.0000	0	0.0000	0.0000
81	5	0	0.0000	0.0000	0	0.0000	0.0000
81	6	0	0.0000	0.0000	0	0.0000	0.0000
81	7	0	0.0000	0.0000	0	0.0000	0.0000
82	1	11997	0.3858	0.3340	11997	0.5233	0.5230
82	2	11996	0.3423	0.3340	11996	0.4614	0.5230
82	3	11995	0.3963	0.3340	11995	0.4104	0.5230
82	4	11994	0.2955	0.3340	11994	0.4167	0.5230
82	5	11993	0.2670	0.3340	11993	0.3958	0.5230
82	6	11992	0.2694	0.3329	11992	0.4607	0.5230
82	7	81991	0.2719	0.3230	81991	0.4267	0.4750
83	1	81989	0.2652	0.3230	81996	0.5507	0.5230
83	2	81988	0.3589	0.3230	81995	0.5689	0.5230
83	3	81987	0.2811	0.3230	81994	0.4911	0.5230
83	4	81986	0.2339	0.2930	81993	0.4704	0.5230
83	5	121985	0.2711	0.2930	81992	0.4770	0.5230
83	6	91985	0.2716	0.2930	81991	0.4620	0.4750
83	7	0	0.0000	0.0000	81990	0.4494	0.4750
84	1	71996	0.3258	0.3340	71996	0.5175	0.5230
84	2	71995	0.3345	0.3340	71995	0.4992	0.5230
84	3	71994	0.3323	0.3340	71994	0.4986	0.5230
84	4	71993	0.3592	0.3340	71993	0.5202	0.5230
84	5	71992	0.3231	0.3340	71992	0.4963	0.5230
84	6	71991	0.3126	0.3230	71991	0.4660	0.4750
84	7	71990	0.3008	0.3230	71990	0.4647	0.4750
85	1	71996	0.2663	0.3340	71996	0.4542	0.5230
85	2	71995	0.2759	0.3340	71995	0.4133	0.5230
85	3	71994	0.2548	0.3340	71994	0.3546	0.5230
85	4	71993	0.2882	0.3340	71993	0.3862	0.5230
85	5	71992	0.2592	0.3340	71992	0.3889	0.5230
85	6	71991	0.3045	0.3230	71991	0.4311	0.4750
85	7	71990	0.2227	0.3230	71990	0.3580	0.4750
86	1	81996	0.3476	0.3340	81996	0.6620	0.5230
86	2	81995	0.3784	0.3340	81995	0.5292	0.5230
86	3	81994	0.4191	0.3340	81994	0.4988	0.5230
86	4	81993	0.3980	0.3340	81993	0.6026	0.5230
86	5	81992	0.3339	0.3340	81992	0.6352	0.5230
86	6	81991	0.3530	0.3230	81991	0.6530	0.4750
86	7	81990	0.3564	0.3230	81990	0.5776	0.4750
87	1	11997	0.3108	0.3340	11997	0.5227	0.5230
87	2	11996	0.3108	0.3340	11996	0.5338	0.5230
87	3	11995	0.3256	0.3340	11995	0.5630	0.5230
87	4	11994	0.3369	0.3340	11994	0.5645	0.5230
87	5	11993	0.3891	0.3340	11993	0.5377	0.5230
87	6	11992	0.3565	0.3329	11992	0.5809	0.5230
87	7	11991	0.3128	0.3230	11991	0.5119	0.4750
88	1	61996	0.2987	0.3340	61996	0.6576	0.5230
88	2	61995	0.3282	0.3340	61995	0.6388	0.5230
88	3	61994	0.3593	0.3340	61994	0.6812	0.5230
88	4	61993	0.4218	0.3340	61993	0.6934	0.5230
88	5	61992	0.3104	0.3340	61992	0.5715	0.5230
88	6	61991	0.3574	0.3230	61991	0.4773	0.4750
88	7	61990	0.2347	0.3230	61990	0.4541	0.4750
89	1	11986	0.2446	0.2930	11986	0.4747	0.4752
89	2	91985	0.2477	0.2930	91985	0.3877	0.4752
89	3	0	0.0000	0.0000	0	0.0000	0.0000
89	4	0	0.0000	0.0000	0	0.0000	0.0000
89	5	0	0.0000	0.0000	0	0.0000	0.0000
89	6	0	0.0000	0.0000	0	0.0000	0.0000
89	7	0	0.0000	0.0000	0	0.0000	0.0000
90	1	81996	0.2917	0.3340	61986	0.3656	0.4752
90	2	81995	0.2913	0.3340	121985	0.4236	0.4752
90	3	81994	0.3564	0.3340	91985	0.4284	0.4752
90	4	81993	0.2663	0.3340	0	0.0000	0.0000
90	5	81992	0.2683	0.3340	0	0.0000	0.0000
90	6	81991	0.2789	0.3230	0	0.0000	0.0000
90	7	81990	0.2602	0.3230	0	0.0000	0.0000
91	1	91996	0.2413	0.2420	91995	0.5152	0.5230
91	2	91995	0.2411	0.2420	101994	0.5215	0.5230
91	3	101994	0.2405	0.2320	0	0.0000	0.0000
91	4	0	0.0000	0.0000	0	0.0000	0.0000
91	5	0	0.0000	0.0000	0	0.0000	0.0000
91	6	0	0.0000	0.0000	0	0.0000	0.0000
91	7	0	0.0000	0.0000	0	0.0000	0.0000
92	1	11992	0.2828	0.2410	11997	0.4908	0.5230
92	2	11991	0.2631	0.2320	11996	0.5758	0.5230
92	3	11990	0.2797	0.2320	11995	0.4342	0.5230
92	4	11989	0.2939	0.2320	11994	0.5785	0.5230
92	5	11988	0.2265	0.2320	11993	0.4824	0.5230
92	6	11987	0.1822	0.2320	11992	0.6296	0.5230
92	7	121985	0.2287	0.2320	11991	0.4418	0.4750
93	1	0	0.0000	0.0000	71996	0.4521	0.6360
93	2	0	0.0000	0.0000	0	0.0000	0.0000
93	3	0	0.0000	0.0000	0	0.0000	0.0000
93	4	0	0.0000	0.0000	0	0.0000	0.0000
93	5	0	0.0000	0.0000	0	0.0000	0.0000
93	6	0	0.0000	0.0000	0	0.0000	0.0000
93	7	0	0.0000	0.0000	0	0.0000	0.0000
94	1	81987	0.2599	0.3230	81987	0.5679	0.4750
94	2	31987	0.2458	0.2930	31987	0.6093	0.4750
94	3	81986	0.2311	0.2930	81986	0.4371	0.4752
94	4	121985	0.2905	0.2930	121985	0.3691	0.4752
94	5	91985	0.2974	0.2930	91985	0.4367	0.4752
94	6	0	0.0000	0.0000	0	0.0000	0.0000
94	7	0	0.0000	0.0000	0	0.0000	0.0000
95	1	0	0.0000	0.0000	0	0.0000	0.0000
95	2	0	0.0000	0.0000	0	0.0000	0.0000
95	3	0	0.0000	0.0000	0	0.0000	0.0000
95	4	0	0.0000	0.0000	0	0.0000	0.0000
95	5	0	0.0000	0.0000	0	0.0000	0.0000
95	6	0	0.0000	0.0000	0	0.0000	0.0000
95	7	0	0.0000	0.0000	0	0.0000	0.0000
96	1	0	0.0000	0.0000	0	0.0000	0.0000
96	2	0	0.0000	0.0000	0	0.0000	0.0000
96	3	0	0.0000	0.0000	0	0.0000	0.0000
96	4	0	0.0000	0.0000	0	0.0000	0.0000
96	5	0	0.0000	0.0000	0	0.0000	0.0000
96	6	0	0.0000	0.0000	0	0.0000	0.0000
96	7	0	0.0000	0.0000	0	0.0000	0.0000
97	1	0	0.0000	0.0000	0	0.0000	0.0000
97	2	0	0.0000	0.0000	0	0.0000	0.0000
97	3	0	0.0000	0.0000	0	0.0000	0.0000
97	4	0	0.0000	0.0000	0	0.0000	0.0000
97	5	0	0.0000	0.0000	0	0.0000	0.0000
97	6	0	0.0000	0.0000	0	0.0000	0.0000
97	7	0	0.0000	0.0000	0	0.0000	0.0000
98	1	71996	0.3284	0.3340	71996	0.5146	0.5230
98	2	71995	0.2404	0.3340	71995	0.3601	0.5230
98	3	71994	0.2489	0.3340	71994	0.4837	0.5230
98	4	71993	0.3159	0.3340	71993	0.3015	0.5230
98	5	71992	0.3042	0.3340	71992	0.4082	0.5230
98	6	71991	0.3472	0.3230	71991	0.3213	0.4750
98	7	71990	0.3620	0.3230	71990	0.3234	0.4750
99	1	101996	0.3445	0.3340	101990	0.4671	0.4750
99	2	101995	0.3053	0.3340	101989	0.5222	0.4750
99	3	101994	0.3305	0.3340	101988	0.5132	0.4750
99	4	101993	0.3366	0.3340	101987	0.5092	0.4750
99	5	101992	0.4309	0.3340	101986	0.5222	0.4750
99	6	101991	0.3220	0.3329	11986	0.4307	0.4752
99	7	101990	0.3152	0.3230	91985	0.4287	0.4752
100	1	31996	0.1086	0.3340	31987	0.2154	0.4750
100	2	31995	0.1487	0.3340	121985	0.1384	0.4752
100	3	31994	0.2119	0.3340	91985	0.1568	0.4752
100	4	31993	0.1531	0.3340	0	0.0000	0.0000
100	5	31992	0.1460	0.3340	0	0.0000	0.0000
100	6	31991	0.1818	0.3230	0	0.0000	0.0000
100	7	31990	0.2253	0.3230	0	0.0000	0.0000
101	1	0	0.0000	0.0000	0	0.0000	0.0000
101	2	0	0.0000	0.0000	0	0.0000	0.0000
101	3	0	0.0000	0.0000	0	0.0000	0.0000
101	4	0	0.0000	0.0000	0	0.0000	0.0000
101	5	0	0.0000	0.0000	0	0.0000	0.0000
101	6	0	0.0000	0.0000	0	0.0000	0.0000
101	7	0	0.0000	0.0000	0	0.0000	0.0000
102	1	121996	0.3963	0.4890	121992	0.2068	0.5230
102	2	121995	0.3269	0.4446	121991	0.3339	0.5230
102	3	121994	0.1414	0.4041	121990	0.2519	0.4750
102	4	121993	0.1566	0.3340	121989	0.1621	0.4750
102	5	101993	0.1728	0.3674	121988	0.2231	0.4750
102	6	121992	0.1598	0.3340	121987	0.3287	0.4750
102	7	121991	0.3174	0.3329	121986	0.4126	0.4750
103	1	41996	0.3413	0.3340	41996	0.5277	0.5230
103	2	41995	0.4013	0.3340	41995	0.5155	0.5230
103	3	41994	0.3733	0.3340	41994	0.5133	0.5230
103	4	41993	0.3649	0.3340	41993	0.5488	0.5230
103	5	41992	0.3836	0.3340	41992	0.5331	0.5230
103	6	21992	0.3110	0.3329	21992	0.5277	0.5230
103	7	41991	0.3024	0.3230	41991	0.4984	0.4750
104	1	81996	0.3298	0.3340	81996	0.5169	0.5230
104	2	81995	0.3301	0.3340	81995	0.5427	0.5230
104	3	81994	0.3296	0.3340	81994	0.5218	0.5230
104	4	81993	0.3307	0.3340	81993	0.5342	0.5230
104	5	81992	0.3304	0.3340	81992	0.5107	0.5230
104	6	81991	0.3199	0.3230	81991	0.4674	0.4750
104	7	81990	0.3118	0.3230	81990	0.4516	0.4750
105	1	21997	0.2986	0.3340	0	0.0000	0.0000
105	2	21996	0.2966	0.3340	0	0.0000	0.0000
105	3	21995	0.3253	0.3340	0	0.0000	0.0000
105	4	21994	0.2687	0.3340	0	0.0000	0.0000
105	5	21993	0.2736	0.3340	0	0.0000	0.0000
105	6	21992	0.2797	0.3329	0	0.0000	0.0000
105	7	21991	0.2903	0.3230	0	0.0000	0.0000
106	1	51996	0.3145	0.3340	51996	0.3900	0.5230
106	2	51995	0.3152	0.3340	51995	0.4409	0.5230
106	3	51994	0.3397	0.3340	51994	0.4951	0.5230
106	4	51993	0.3051	0.3340	51993	0.4024	0.5230
106	5	51992	0.3132	0.3340	51992	0.4928	0.5230
106	6	51991	0.2975	0.3230	51991	0.3831	0.4750
106	7	51990	0.3253	0.3230	51990	0.4753	0.4750
