SCHOOLID	CHILDID	GRADE	YEAR	TIME	RETAINED	SWITCH_SCHOOLS	DISADVANTAGED	TLI_MATH	MALE	ETHNICITY	RACE	FIRST_COHORT	LAST_COHORT	USI	MATH_SESSIONS	N_TEACHERS	ETHNIC
57905101	58515	4	1999	1	0	0		84	1	hispanic	3	8	8	3	2	47	3
57905101	58515	5	2000	2	0	0	1	90	1	hispanic	3	8	8	3	2	47	3
57905101	74093	4	1998	1	0	0	1	65	1	hispanic	3	7	7	3	2	47	3
57905101	74093	5	1999	2	0	0		22	1	hispanic	3	7	7	3	2	47	3
57905101	74093	6	2000	3	0	0	0	46	1	hispanic	3	7	7	3	2	47	3
57905101	95266	3	1998	1	0	0	1	67	0	hispanic	3	8	8	3	2	47	3
57905101	95266	4	1999	2	0	0	1	74	0	hispanic	3	8	8	3	2	47	3
57905101	95266	5	2000	3	0	1	1	82	0	hispanic	3	8	8	3	2	47	3
57905101	97289	4	1998	1	0	0	1	72	1	black	2	7	7	3	2	47	2
57905101	97289	5	1999	2	0	1	1	76	1	black	2	7	7	3	2	47	2
57905101	368126	4	1994	1	0	0		73	0	hispanic	3	3	3	3	2	47	3
57905101	368126	5	1995	2	0	1	1	73	0	hispanic	3	3	3	3	2	47	3
57905101	368126	6	1996	3	0	1	1	82	0	hispanic	3	3	3	3	2	47	3
57905101	505464	3	1994	1	0	0	1	41	0	black	2	4	4	3	2	47	2
57905101	505464	4	1995	2	0	1	1	34	0	black	2	4	4	3	2	47	2
57905101	537903	3	1998	1	0	0	1	54	0	black	2	8	8	3	2	47	2
57905101	537903	4	1999	2	0	0	1	73	0	black	2	8	8	3	2	47	2
57905101	537903	5	2000	3	0	0	1	74	0	black	2	8	8	3	2	47	2
57905101	991020	3	1999	1	0	0		78	1	hispanic	3	9	9	3	2	47	3
57905101	991020	4	2000	2	0	0	0	77	1	hispanic	3	9	9	3	2	47	3
57905101	1051240	3	1995	1	0	0		66	0	black	2	5	5	3	2	47	2
57905101	1051240	5	1997	3	0	1		88	0	black	2	5	5	3	2	47	2
57905101	1051240	6	1998	4	0	0	0	84	0	black	2	5	5	3	2	47	2
57905101	1251698	3	2000	1	0	0	1	52	1	hispanic	3	10	10	3	2	47	3
57905101	1340192	3	1997	1	0	0	0	84	1	black	2	7	7	3	2	47	2
57905101	1340192	4	1998	2	0	1		70	1	black	2	7	7	3	2	47	2
57905101	1340192	5	1999	3	0	1		90	1	black	2	7	7	3	2	47	2
57905101	1340192	6	2000	4	0	1		90	1	black	2	7	7	3	2	47	2
57905101	1493839	4	1998	1	0	0	1	63	0	hispanic	3	7	7	3	2	47	3
57905101	1493839	5	1999	2	0	0	1	61	0	hispanic	3	7	7	3	2	47	3
57905101	1493839	6	2000	3	0	0	1	81	0	hispanic	3	7	7	3	2	47	3
57905101	2144773	5	1994	1	0	0		78	0	white	1	2	2	3	2	47	1
57905101	2144773	6	1995	2	0	0	0	78	0	white	1	2	2	3	2	47	1
57905101	2149818	5	1994	1	0	0	1	55	0	black	2	2	2	3	2	47	2
57905101	2149818	6	1995	2	0	1	1	59	0	black	2	2	2	3	2	47	2
57905101	2326811	3	1994	1	0	0	1	50	0	black	2	4	4	3	2	47	2
57905101	2326811	4	1995	2	0	1	0	34	0	black	2	4	4	3	2	47	2
57905101	2326811	5	1996	3	0	0	1	50	0	black	2	4	4	3	2	47	2
57905101	2326811	6	1997	4	0	1	1	56	0	black	2	4	4	3	2	47	2
57905101	2413130	3	1994	1	0	0	1	22	1	black	2	4	4	3	2	47	2
57905101	2413130	4	1995	2	0	1	0	44	1	black	2	4	4	3	2	47	2
57905101	2413130	5	1996	3	0	1	1	39	1	black	2	4	4	3	2	47	2
57905101	2413130	6	1997	4	0	1	1	48	1	black	2	4	4	3	2	47	2
57905101	2593220	5	1998	1	0	0	1	67	1	hispanic	3	6	6	3	2	47	3
57905101	2593220	6	1999	2	0	0	1	73	1	hispanic	3	6	6	3	2	47	3
57905101	3273118	5	1999	1	0	0	1	45	1	hispanic	3	7	7	3	2	47	3
57905101	3273118	6	2000	2	0	1	1	53	1	hispanic	3	7	7	3	2	47	3
57905101	3442440	3	1994	1	0	0	1	56	1	black	2	4	4	3	2	47	2
57905101	3442440	4	1995	2	0	0	1	58	1	black	2	4	4	3	2	47	2
57905101	3442440	6	1997	4	0	1	1	71	1	black	2	4	4	3	2	47	2
57905101	3492963	4	1994	1	0	0	1	84	0	black	2	3	3	3	2	47	2
57905101	3492963	5	1995	2	0	1	1	75	0	black	2	3	3	3	2	47	2
57905101	3492963	6	1996	3	0	1	1	85	0	black	2	3	3	3	2	47	2
57905105	21270	4	1997	1	0	0	1	74	1	hispanic	3	6	6	2	3	29.9	3
57905105	21270	5	1998	2	0	0	1	71	1	hispanic	3	6	6	2	3	29.9	3
57905105	21270	6	1999	3	0	1	1	80	1	hispanic	3	6	6	2	3	29.9	3
57905105	306326	6	1999	1	0	0	1	83	1	hispanic	3	6	6	2	3	29.9	3
57905105	370433	3	1998	1	0	0	1	69	1	hispanic	3	8	8	2	3	29.9	3
57905105	370433	4	1999	2	0	0	1	61	1	hispanic	3	8	8	2	3	29.9	3
57905105	652137	3	1997	1	0	0	1	21	0	hispanic	3	7	8	2	3	29.9	3
57905105	652137	4	1998	2	0	0	1	39	0	hispanic	3	7	8	2	3	29.9	3
57905105	652137	5	1999	3	0	0	1	31	0	hispanic	3	7	8	2	3	29.9	3
57905105	652137	5	2000	4	1	0	1	62	0	hispanic	3	7	8	2	3	29.9	3
57905105	797672	3	1999	1	0	0	1	86	1	hispanic	3	9	9	2	3	29.9	3
57905105	797672	4	2000	2	0	0	1	88	1	hispanic	3	9	9	2	3	29.9	3
57905105	914230	3	1998	1	0	0	1	73	0	hispanic	3	8	8	2	3	29.9	3
57905105	914230	5	2000	3	0	0	1	90	0	hispanic	3	8	8	2	3	29.9	3
57905105	1023979	3	1997	1	0	0	1	41	1	hispanic	3	7	7	2	3	29.9	3
57905105	1023979	4	1998	2	0	0	1	46	1	hispanic	3	7	7	2	3	29.9	3
57905105	1023979	5	1999	3	0	0	1	74	1	hispanic	3	7	7	2	3	29.9	3
57905105	1023979	6	2000	4	0	0	0	74	1	hispanic	3	7	7	2	3	29.9	3
57905105	1274456	3	1997	1	0	0	1	48	0	hispanic	3	7	7	2	3	29.9	3
57905105	1274456	4	1998	2	0	0	1	54	0	hispanic	3	7	7	2	3	29.9	3
57905105	1274456	5	1999	3	0	0	0	56	0	hispanic	3	7	7	2	3	29.9	3
57905105	1274456	6	2000	4	0	0	1	62	0	hispanic	3	7	7	2	3	29.9	3
57905105	1711501	6	1994	1	0	0		36	1	hispanic	3	1	1	2	3	29.9	3
57905105	2043470	5	1994	1	0	0	0	50	1	hispanic	3	2	2	2	3	29.9	3
57905105	2043470	6	1995	2	0	0	0	59	1	hispanic	3	2	2	2	3	29.9	3
57905105	2278169	3	1994	1	0	0	1	80	0	white	1	4	4	2	3	29.9	1
57905105	2278169	4	1995	2	0	0		70	0	white	1	4	4	2	3	29.9	1
57905105	2278169	6	1997	4	0	0		85	0	white	1	4	4	2	3	29.9	1
57905105	2424743	5	1997	1	0	0	1	85	0	hispanic	3	5	5	2	3	29.9	3
57905105	2424743	6	1998	2	0	0	1	90	0	hispanic	3	5	5	2	3	29.9	3
57905105	2601223	3	1994	1	0	0	1	76	1	hispanic	3	4	4	2	3	29.9	3
57905105	2601223	4	1995	2	0	1	1	81	1	hispanic	3	4	4	2	3	29.9	3
57905105	2601223	6	1997	4	0	0	1	90	1	hispanic	3	4	4	2	3	29.9	3
57905105	2640729	3	1995	1	0	0	1	15	0	hispanic	3	5	5	2	3	29.9	3
57905105	2659709	3	1994	1	0	0	1	37	1	hispanic	3	4	4	2	3	29.9	3
57905105	2659709	6	1997	4	0	1	1	69	1	hispanic	3	4	4	2	3	29.9	3
57905105	2905093	6	1995	1	0	0	0	91	0	white	1	2	2	2	3	29.9	1
57905105	3023780	3	1994	1	0	0	0	35	1	white	1	4	4	2	3	29.9	1
57905105	3352304	5	1994	1	0	0	1	44	1	hispanic	3	2	2	2	3	29.9	3
57905105	3352304	6	1995	2	0	0	1	46	1	hispanic	3	2	2	2	3	29.9	3
57905105	3479980	3	1997	1	0	0	1	63	1	hispanic	3	7	7	2	3	29.9	3
57905105	3479980	4	1998	2	0	0	1	78	1	hispanic	3	7	7	2	3	29.9	3
57905105	3479980	5	1999	3	0	0	1	78	1	hispanic	3	7	7	2	3	29.9	3
57905105	3479980	6	2000	4	0	0	0	81	1	hispanic	3	7	7	2	3	29.9	3
57905105	3502237	6	1997	1	0	0	1	75	0	hispanic	3	4	4	2	3	29.9	3
57905110	72899	5	1994	1	0	0	0	88	1	white	1	2	2	2	0	36.5	1
57905110	72899	6	1995	2	0	0	0	89	1	white	1	2	2	2	0	36.5	1
57905110	129292	3	1997	1	0	0	1	76	0	black	2	7	7	2	0	36.5	2
57905110	129292	4	1998	2	0	0	1	67	0	black	2	7	7	2	0	36.5	2
57905110	129292	5	1999	3	0	0	1	70	0	black	2	7	7	2	0	36.5	2
57905110	162273	4	1996	1	0	0	1	51	0	black	2	5	5	2	0	36.5	2
57905110	162273	5	1997	2	0	1	1	85	0	black	2	5	5	2	0	36.5	2
57905110	162273	6	1998	3	0	0	1	79	0	black	2	5	5	2	0	36.5	2
57905110	399904	3	1994	1	0	0	1	45	1	hispanic	3	4	4	2	0	36.5	3
57905110	399904	4	1995	2	0	0	1	61	1	hispanic	3	4	4	2	0	36.5	3
57905110	399904	5	1996	3	0	0	1	66	1	hispanic	3	4	4	2	0	36.5	3
57905110	399904	6	1997	4	0	1	1	72	1	hispanic	3	4	4	2	0	36.5	3
57905110	582921	3	1998	1	0	0	1	79	0	hispanic	3	8	8	2	0	36.5	3
57905110	582921	4	1999	2	0	1		68	0	hispanic	3	8	8	2	0	36.5	3
57905110	582921	5	2000	3	0	1	1	67	0	hispanic	3	8	8	2	0	36.5	3
57905110	647239	3	1996	1	0	0	0	70	0	black	2	6	6	2	0	36.5	2
57905110	647239	4	1997	2	0	0	0	79	0	black	2	6	6	2	0	36.5	2
57905110	647239	5	1998	3	0	0		82	0	black	2	6	6	2	0	36.5	2
57905110	647239	6	1999	4	0	0		79	0	black	2	6	6	2	0	36.5	2
57905110	754468	3	1999	1	0	0	1	78	1	black	2	9	9	2	0	36.5	2
57905110	754468	4	2000	2	0	0	1	58	1	black	2	9	9	2	0	36.5	2
57905110	1086836	3	1997	1	0	0		91	1	other	4	7	7	2	0	36.5	4
57905110	1086836	4	1998	2	0	1	0	83	1	other	4	7	7	2	0	36.5	4
57905110	1086836	5	1999	3	0	0	0	88	1	other	4	7	7	2	0	36.5	4
57905110	1086836	6	2000	4	0	1	0	89	1	other	4	7	7	2	0	36.5	4
57905110	1144354	5	1994	1	0	0	0	78	0	hispanic	3	2	2	2	0	36.5	3
57905110	1144354	6	1995	2	0	0	0	80	0	hispanic	3	2	2	2	0	36.5	3
57905110	1818662	3	1994	1	0	0	1	58	1	black	2	4	4	2	0	36.5	2
57905110	1818662	4	1995	2	0	1	1	63	1	black	2	4	4	2	0	36.5	2
57905110	1818662	5	1996	3	0	0	0	68	1	black	2	4	4	2	0	36.5	2
57905110	1818662	6	1997	4	0	1	1	75	1	black	2	4	4	2	0	36.5	2
57905110	2565303	6	1994	1	0	0	1	89	0	black	2	1	1	2	0	36.5	2
57905110	2635680	6	1995	1	0	0	1	43	1	hispanic	3	2	2	2	0	36.5	3
57905110	2703692	3	1996	1	0	0	1	68	0	black	2	6	6	2	0	36.5	2
57905110	2703692	4	1997	2	0	0	1	77	0	black	2	6	6	2	0	36.5	2
57905110	2703692	5	1998	3	0	0	1	73	0	black	2	6	6	2	0	36.5	2
57905110	2703692	6	1999	4	0	1	1	82	0	black	2	6	6	2	0	36.5	2
57905110	2748645	3	1996	1	0	0	1	65	1	black	2	6	6	2	0	36.5	2
57905110	2748645	4	1997	2	0	0	1	53	1	black	2	6	6	2	0	36.5	2
57905110	2748645	5	1998	3	0	0	1	41	1	black	2	6	6	2	0	36.5	2
57905110	2748645	6	1999	4	0	1	0	83	1	black	2	6	6	2	0	36.5	2
57905110	2902519	4	1994	1	0	0		81	0	hispanic	3	3	3	2	0	36.5	3
57905110	2902519	6	1996	3	0	0	1	87	0	hispanic	3	3	3	2	0	36.5	3
57905110	2968147	6	1994	1	0	0	0	72	1	white	1	1	1	2	0	36.5	1
57905110	2995462	3	1994	1	0	0	1	78	0	hispanic	3	4	4	2	0	36.5	3
57905110	2995462	4	1995	2	0	0	1	85	0	hispanic	3	4	4	2	0	36.5	3
57905110	2995462	6	1997	4	0	0	1	79	0	hispanic	3	4	4	2	0	36.5	3
57905110	3139095	3	1994	1	0	0	1	70	1	hispanic	3	4	4	2	0	36.5	3
57905110	3139095	4	1995	2	0	0		68	1	hispanic	3	4	4	2	0	36.5	3
57905110	3139095	5	1996	3	0	0	1	59	1	hispanic	3	4	4	2	0	36.5	3
57905110	3139095	6	1997	4	0	0	1	85	1	hispanic	3	4	4	2	0	36.5	3
57905110	3414500	4	1994	1	0	0	0	76	0	black	2	3	3	2	0	36.5	2
57905110	3414500	5	1995	2	0	1	0	80	0	black	2	3	3	2	0	36.5	2
57905110	3414500	6	1996	3	0	0	1	88	0	black	2	3	3	2	0	36.5	2
57905110	3563430	3	1997	1	0	0	1	84	1	black	2	7	7	2	0	36.5	2
57905110	3563430	4	1998	2	0	0	1	84	1	black	2	7	7	2	0	36.5	2
57905110	3563430	5	1999	3	0	1	1	85	1	black	2	7	7	2	0	36.5	2
57905110	3563430	6	2000	4	0	0	1	84	1	black	2	7	7	2	0	36.5	2
57905124	5232	3	1994	1	0	0	1	50	0	black	2	4	5	3	1	32	2
57905124	5232	3	1995	2	1	0	1	62	0	black	2	4	5	3	1	32	2
57905124	5232	4	1996	3	0	0	1	70	0	black	2	4	5	3	1	32	2
57905124	5232	5	1997	4	0	0	1	80	0	black	2	4	5	3	1	32	2
57905124	197195	3	1999	1	0	0		63	0	hispanic	3	9	9	3	1	32	3
57905124	197195	4	2000	2	0	0	1	79	0	hispanic	3	9	9	3	1	32	3
57905124	326180	3	1998	1	0	0	1	77	1	black	2	8	8	3	1	32	2
57905124	326180	4	1999	2	0	0	1	88	1	black	2	8	8	3	1	32	2
57905124	326180	5	2000	3	0	0	1	93	1	black	2	8	8	3	1	32	2
57905124	696549	4	2000	1	0	0	1	78	1	black	2	9	9	3	1	32	2
57905124	727766	3	1999	1	0	0	1	76	0	black	2	9	9	3	1	32	2
57905124	727766	4	2000	2	0	0	1	78	0	black	2	9	9	3	1	32	2
57905124	764603	3	1998	1	0	0	1	36	1	black	2	8	8	3	1	32	2
57905124	764603	5	2000	3	0	1	1	51	1	black	2	8	8	3	1	32	2
57905124	972734	3	2000	1	0	0	1	81	0	black	2	10	10	3	1	32	2
57905124	1039825	3	2000	1	0	0	1	43	1	black	2	10	10	3	1	32	2
57905124	1934063	5	1994	1	0	0	0	60	1	black	2	2	2	3	1	32	2
57905124	1934063	6	1995	2	0	1	1	55	1	black	2	2	2	3	1	32	2
57905124	2030848	4	1994	1	0	0	1	44	0	black	2	3	3	3	1	32	2
57905124	2030848	5	1995	2	0	0	1	39	0	black	2	3	3	3	1	32	2
57905124	2030848	6	1996	3	0	0	1	49	0	black	2	3	3	3	1	32	2
57905124	2159806	4	1994	1	0	0	1	68	0	black	2	3	3	3	1	32	2
57905124	2159806	5	1995	2	0	0	1	85	0	black	2	3	3	3	1	32	2
57905124	2159806	6	1996	3	0	0	1	85	0	black	2	3	3	3	1	32	2
57905124	2241987	3	1994	1	0	0	1	37	1	black	2	4	4	3	1	32	2
57905124	2241987	4	1995	2	0	0	1	72	1	black	2	4	4	3	1	32	2
57905124	2241987	5	1996	3	0	0	1	73	1	black	2	4	4	3	1	32	2
57905124	2241987	6	1997	4	0	0	1	68	1	black	2	4	4	3	1	32	2
57905124	2334540	4	1994	1	0	0	1	79	0	black	2	3	3	3	1	32	2
57905124	2334540	5	1995	2	0	0	1	82	0	black	2	3	3	3	1	32	2
57905124	2743790	3	1996	1	0	0	1	72	0	black	2	6	6	3	1	32	2
57905124	2743790	4	1997	2	0	0	1	58	0	black	2	6	6	3	1	32	2
57905124	2743790	5	1998	3	0	0	1	67	0	black	2	6	6	3	1	32	2
57905124	2743790	6	1999	4	0	1	1	79	0	black	2	6	6	3	1	32	2
57905124	2808223	4	1998	1	0	0	1	40	0	hispanic	3	7	7	3	1	32	3
57905124	2808223	5	1999	2	0	0	1	56	0	hispanic	3	7	7	3	1	32	3
57905124	2808223	6	2000	3	0	0		60	0	hispanic	3	7	7	3	1	32	3
57905124	3171816	6	1994	1	0	0		78	1	black	2	1	1	3	1	32	2
57905124	3375573	4	1994	1	0	0	1	76	1	black	2	3	3	3	1	32	2
57905124	3375573	6	1996	3	0	1	1	55	1	black	2	3	3	3	1	32	2
57905124	3532874	3	1995	1	0	0	1	75	1	black	2	5	6	3	1	32	2
57905124	3532874	3	1996	2	1	0	1	86	1	black	2	5	6	3	1	32	2
57905124	3532874	4	1997	3	0	0	1	89	1	black	2	5	6	3	1	32	2
57905124	3532874	5	1998	4	0	1	1	91	1	black	2	5	6	3	1	32	2
57905124	3532874	6	1999	5	0	0	1	91	1	black	2	5	6	3	1	32	2
57905124	3547318	3	1995	1	0	0	1	22	0	black	2	5	5	3	1	32	2
57905124	3547318	4	1996	2	0	0	1	39	0	black	2	5	5	3	1	32	2
57905124	3547318	5	1997	3	0	1	1	37	0	black	2	5	5	3	1	32	2
57905124	3547318	6	1998	4	0	1	1	41	0	black	2	5	5	3	1	32	2
57905124	3569318	3	1994	1	0	0	1	45	0	black	2	4	4	3	1	32	2
57905124	3569318	4	1995	2	0	0	1	66	0	black	2	4	4	3	1	32	2
57905148	77560	3	1996	1	0	0	0	63	1	white	1	6	6	2	0	26.2	1
57905148	77560	4	1997	2	0	0	0	63	1	white	1	6	6	2	0	26.2	1
57905148	77560	5	1998	3	0	1	0	74	1	white	1	6	6	2	0	26.2	1
57905148	77560	6	1999	4	0	0		87	1	white	1	6	6	2	0	26.2	1
57905148	141676	3	1997	1	0	0	1	86	1	hispanic	3	7	7	2	0	26.2	3
57905148	141676	4	1998	2	0	0	1	86	1	hispanic	3	7	7	2	0	26.2	3
57905148	141676	5	1999	3	0	1		92	1	hispanic	3	7	7	2	0	26.2	3
57905148	141676	6	2000	4	0	0		88	1	hispanic	3	7	7	2	0	26.2	3
57905148	311175	4	1994	1	0	0		43	0	black	2	3	4	2	0	26.2	2
57905148	311175	5	1995	2	0	1	1	40	0	black	2	3	4	2	0	26.2	2
57905148	311175	5	1996	3	1	1	1	64	0	black	2	3	4	2	0	26.2	2
57905148	311175	6	1997	4	0	1	1	73	0	black	2	3	4	2	0	26.2	2
57905148	747609	3	1994	1	0	0	0	78	1	white	1	4	4	2	0	26.2	1
57905148	747609	4	1995	2	0	0	0	87	1	white	1	4	4	2	0	26.2	1
57905148	747609	5	1996	3	0	0	0	73	1	white	1	4	4	2	0	26.2	1
57905148	747609	6	1997	4	0	0	0	85	1	white	1	4	4	2	0	26.2	1
57905148	958691	3	2000	1	0	0	0	86	0	white	1	10	10	2	0	26.2	1
57905148	1288418	3	1994	1	0	0	0	82	0	white	1	4	4	2	0	26.2	1
57905148	1288418	4	1995	2	0	0		81	0	white	1	4	4	2	0	26.2	1
57905148	1288418	5	1996	3	0	0		83	0	white	1	4	4	2	0	26.2	1
57905148	1288418	6	1997	4	0	0		86	0	white	1	4	4	2	0	26.2	1
57905148	1573183	5	1994	1	0	0		65	0	black	2	2	2	2	0	26.2	2
57905148	2011511	4	1994	1	0	0	0	81	1	black	2	3	3	2	0	26.2	2
57905148	2011511	5	1995	2	0	1		75	1	black	2	3	3	2	0	26.2	2
57905148	2011511	6	1996	3	0	0	1	85	1	black	2	3	3	2	0	26.2	2
57905148	2063046	3	1995	1	0	0	0	73	0	black	2	5	5	2	0	26.2	2
57905148	2063046	4	1996	2	0	0		81	0	black	2	5	5	2	0	26.2	2
57905148	2063046	5	1997	3	0	0	1	84	0	black	2	5	5	2	0	26.2	2
57905148	2063046	6	1998	4	0	0		88	0	black	2	5	5	2	0	26.2	2
57905148	2203800	3	1994	1	0	0	0	80	0	white	1	4	4	2	0	26.2	1
57905148	2203800	4	1995	2	0	0	0	88	0	white	1	4	4	2	0	26.2	1
57905148	2424158	3	1995	1	0	0	0	42	0	black	2	5	5	2	0	26.2	2
57905148	2644757	3	1995	1	0	0		79	1	white	1	5	5	2	0	26.2	1
57905148	2644757	4	1996	2	0	0		87	1	white	1	5	5	2	0	26.2	1
57905148	2644757	5	1997	3	0	0		85	1	white	1	5	5	2	0	26.2	1
57905148	2644757	6	1998	4	0	0		86	1	white	1	5	5	2	0	26.2	1
57905148	2809742	3	1994	1	0	0	0	80	1	white	1	4	4	2	0	26.2	1
57905148	2809742	4	1995	2	0	0	0	81	1	white	1	4	4	2	0	26.2	1
57905148	2809742	5	1996	3	0	0	0	81	1	white	1	4	4	2	0	26.2	1
57905148	2809742	6	1997	4	0	0	0	86	1	white	1	4	4	2	0	26.2	1
57905148	2908814	4	1994	1	0	0	0	71	1	black	2	3	3	2	0	26.2	2
57905148	2908814	5	1995	2	0	0	0	49	1	black	2	3	3	2	0	26.2	2
57905148	3069228	3	1996	1	0	0		77	1	hispanic	3	6	6	2	0	26.2	3
57905148	3069228	4	1997	2	0	0		87	1	hispanic	3	6	6	2	0	26.2	3
57905148	3069228	5	1998	3	0	0		90	1	hispanic	3	6	6	2	0	26.2	3
57905148	3069228	6	1999	4	0	0	0	92	1	hispanic	3	6	6	2	0	26.2	3
57905148	3159702	3	1994	1	0	0	0	82	0	white	1	4	4	2	0	26.2	1
57905148	3159702	4	1995	2	0	0	0	89	0	white	1	4	4	2	0	26.2	1
57905148	3159702	5	1996	3	0	0	0	81	0	white	1	4	4	2	0	26.2	1
57905148	3159702	6	1997	4	0	0		86	0	white	1	4	4	2	0	26.2	1
57905148	3196389	3	1997	1	0	0	1	88	1	black	2	7	7	2	0	26.2	2
57905148	3196389	4	1998	2	0	0	1	87	1	black	2	7	7	2	0	26.2	2
57905148	3196389	5	1999	3	0	0	1	91	1	black	2	7	7	2	0	26.2	2
57905148	3196389	6	2000	4	0	0		89	1	black	2	7	7	2	0	26.2	2
57905148	3300595	5	1994	1	0	0	0	53	0	black	2	2	2	2	0	26.2	2
57905148	3423390	3	1994	1	0	0	0	39	1	white	1	4	4	2	0	26.2	1
57905148	3423390	6	1997	4	0	0	0	56	1	white	1	4	4	2	0	26.2	1
57905148	3573834	3	1996	1	0	0		77	1	other	5	6	6	2	0	26.2	4
57905148	3573834	4	1997	2	0	0		89	1	other	5	6	6	2	0	26.2	4
57905148	3573834	5	1998	3	0	0		90	1	other	5	6	6	2	0	26.2	4
57905148	3573834	6	1999	4	0	0		91	1	other	5	6	6	2	0	26.2	4
57905159	8466	4	1994	1	0	0	0	44	0	white	1	3	3	1	1	54.9	1
57905159	8466	5	1995	2	0	1	0	65	0	white	1	3	3	1	1	54.9	1
57905159	8466	6	1996	3	0	0		80	0	white	1	3	3	1	1	54.9	1
57905159	21356	3	1995	1	0	0	0	64	1	black	2	5	5	1	1	54.9	2
57905159	21356	4	1996	2	0	1	1	85	1	black	2	5	5	1	1	54.9	2
57905159	21356	5	1997	3	0	1	1	46	1	black	2	5	5	1	1	54.9	2
57905159	21356	6	1998	4	0	0	1	60	1	black	2	5	5	1	1	54.9	2
57905159	190255	6	2000	1	0	0	1	75	1	hispanic	3	7	7	1	1	54.9	3
57905159	222215	3	1998	1	0	0	1	52	1	hispanic	3	8	8	1	1	54.9	3
57905159	222215	5	2000	3	0	0	1	76	1	hispanic	3	8	8	1	1	54.9	3
57905159	231713	4	1994	1	0	0		68	0	hispanic	3	3	3	1	1	54.9	3
57905159	231713	6	1996	3	0	1	1	86	0	hispanic	3	3	3	1	1	54.9	3
57905159	869219	3	1999	1	0	0	1	80	1	black	2	9	9	1	1	54.9	2
57905159	869219	4	2000	2	0	0	0	90	1	black	2	9	9	1	1	54.9	2
57905159	973094	3	1997	1	0	0	0	78	0	white	1	7	7	1	1	54.9	1
57905159	976992	4	1995	1	0	0	1	69	1	black	2	4	5	1	1	54.9	2
57905159	976992	4	1996	2	1	0	1	87	1	black	2	4	5	1	1	54.9	2
57905159	976992	5	1997	3	0	0	1	78	1	black	2	4	5	1	1	54.9	2
57905159	976992	6	1998	4	0	0	1	77	1	black	2	4	5	1	1	54.9	2
57905159	1109655	3	1998	1	0	0	0	81	1	white	1	8	8	1	1	54.9	1
57905159	1109655	4	1999	2	0	1	0	88	1	white	1	8	8	1	1	54.9	1
57905159	1109655	5	2000	3	0	0	0	75	1	white	1	8	8	1	1	54.9	1
57905159	1320438	4	1996	1	0	0	1	39	0	black	2	5	6	1	1	54.9	2
57905159	1320438	4	1997	2	1	1	1	58	0	black	2	5	6	1	1	54.9	2
57905159	1320438	5	1998	3	0	0	1	54	0	black	2	5	6	1	1	54.9	2
57905159	1320438	6	1999	4	0	0	0	76	0	black	2	5	6	1	1	54.9	2
57905159	1358400	3	1998	1	0	0	1	70	1	black	2	8	8	1	1	54.9	2
57905159	1358400	4	1999	2	0	0	1	80	1	black	2	8	8	1	1	54.9	2
57905159	1358400	5	2000	3	0	0	1	87	1	black	2	8	8	1	1	54.9	2
57905159	2195870	4	1995	1	0	0	0	70	1	white	1	4	4	1	1	54.9	1
57905159	2195870	5	1996	2	0	0	0	81	1	white	1	4	4	1	1	54.9	1
57905159	2195870	6	1997	3	0	0	0	72	1	white	1	4	4	1	1	54.9	1
57905159	2265002	3	1994	1	0	0		84	0	white	1	4	4	1	1	54.9	1
57905159	2265002	4	1995	2	0	0		68	0	white	1	4	4	1	1	54.9	1
57905159	2265002	5	1996	3	0	1		56	0	white	1	4	4	1	1	54.9	1
57905159	2265002	6	1997	4	0	0		76	0	white	1	4	4	1	1	54.9	1
57905159	2461207	3	1995	1	0	0	1	64	0	hispanic	3	5	5	1	1	54.9	3
57905159	2461207	6	1998	4	0	1	0	76	0	hispanic	3	5	5	1	1	54.9	3
57905159	2468428	6	1998	1	0	0	1	59	0	black	2	5	5	1	1	54.9	2
57905159	2580690	5	1997	1	0	0	1	86	0	hispanic	3	5	5	1	1	54.9	3
57905159	2580690	6	1998	2	0	1	1	89	0	hispanic	3	5	5	1	1	54.9	3
57905159	3302472	3	1995	1	0	0	1	37	0	hispanic	3	5	6	1	1	54.9	3
57905159	3302472	3	1996	2	1	0	1	86	0	hispanic	3	5	6	1	1	54.9	3
57905159	3302472	4	1997	3	0	1	1	63	0	hispanic	3	5	6	1	1	54.9	3
57905159	3302472	5	1998	4	0	0	1	74	0	hispanic	3	5	6	1	1	54.9	3
57905159	3302472	6	1999	5	0	1		73	0	hispanic	3	5	6	1	1	54.9	3
57905159	3327258	5	1998	1	0	0	1	78	0	black	2	6	6	1	1	54.9	2
57905159	3327258	6	1999	2	0	0	1	82	0	black	2	6	6	1	1	54.9	2
57905159	3540484	6	1998	1	0	0	1	82	1	hispanic	3	5	5	1	1	54.9	3
57905159	3577079	4	1994	1	0	0		88	0	hispanic	3	3	3	1	1	54.9	3
57905159	3577079	6	1996	3	0	1	1	85	0	hispanic	3	3	3	1	1	54.9	3
57905173	82223	6	2000	1	0	0	1	89	0	hispanic	3	7	7	2	0	49	3
57905173	95068	4	1998	1	0	0	1	91	0	hispanic	3	7	7	2	0	49	3
57905173	95068	5	1999	2	0	0	1	85	0	hispanic	3	7	7	2	0	49	3
57905173	95068	6	2000	3	0	0	1	89	0	hispanic	3	7	7	2	0	49	3
57905173	113240	3	1998	1	0	0	1	93	0	hispanic	3	8	8	2	0	49	3
57905173	113240	4	1999	2	0	0	1	84	0	hispanic	3	8	8	2	0	49	3
57905173	113240	5	2000	3	0	0	1	90	0	hispanic	3	8	8	2	0	49	3
57905173	229842	6	1998	1	0	0	1	89	0	hispanic	3	5	5	2	0	49	3
57905173	270924	3	1997	1	0	0		78	0	hispanic	3	7	7	2	0	49	3
57905173	270924	4	1998	2	0	0	1	75	0	hispanic	3	7	7	2	0	49	3
57905173	270924	5	1999	3	0	0	0	79	0	hispanic	3	7	7	2	0	49	3
57905173	270924	6	2000	4	0	0	0	86	0	hispanic	3	7	7	2	0	49	3
57905173	696424	6	1999	1	0	0	0	86	1	hispanic	3	6	6	2	0	49	3
57905173	1340480	4	2000	1	0	0	1	79	1	hispanic	3	9	9	2	0	49	3
57905173	1416402	4	2000	1	0	0	1	82	0	hispanic	3	9	9	2	0	49	3
57905173	1840635	3	1995	1	0	0		71	0	white	1	5	5	2	0	49	1
57905173	1840635	4	1996	2	0	1		87	0	white	1	5	5	2	0	49	1
57905173	1840635	5	1997	3	0	0		86	0	white	1	5	5	2	0	49	1
57905173	1840635	6	1998	4	0	0	0	84	0	white	1	5	5	2	0	49	1
57905173	2018259	4	1994	1	0	0	1	36	1	black	2	3	3	2	0	49	2
57905173	2018259	5	1995	2	0	1	1	52	1	black	2	3	3	2	0	49	2
57905173	2018259	6	1996	3	0	0	1	59	1	black	2	3	3	2	0	49	2
57905173	2252691	4	1995	1	0	0	1	56	1	hispanic	3	4	4	2	0	49	3
57905173	2252691	6	1997	3	0	1	1	56	1	hispanic	3	4	4	2	0	49	3
57905173	2347972	3	1994	1	0	0	1	82	0	hispanic	3	4	4	2	0	49	3
57905173	2347972	4	1995	2	0	0	1	81	0	hispanic	3	4	4	2	0	49	3
57905173	2347972	5	1996	3	0	0	1	87	0	hispanic	3	4	4	2	0	49	3
57905173	2347972	6	1997	4	0	0	1	76	0	hispanic	3	4	4	2	0	49	3
57905173	2723153	3	1994	1	0	0		76	1	white	1	4	4	2	0	49	1
57905173	2723153	4	1995	2	0	0	0	88	1	white	1	4	4	2	0	49	1
57905173	2985925	5	1998	1	0	0	1	41	0	hispanic	3	6	7	2	0	49	3
57905173	2985925	5	1999	2	1	0	1	56	0	hispanic	3	6	7	2	0	49	3
57905173	2985925	6	2000	3	0	0	1	67	0	hispanic	3	6	7	2	0	49	3
57905173	2992770	5	1998	1	0	0	1	86	0	hispanic	3	6	6	2	0	49	3
57905173	2992770	6	1999	2	0	0	1	89	0	hispanic	3	6	6	2	0	49	3
57905173	3202839	5	1995	1	0	0	0	87	0	white	1	3	3	2	0	49	1
57905173	3202839	6	1996	2	0	0	0	88	0	white	1	3	3	2	0	49	1
57905173	3372880	3	1994	1	0	0	0	82	0	white	1	4	4	2	0	49	1
57905173	3372880	4	1995	2	0	1	0	85	0	white	1	4	4	2	0	49	1
57905173	3413326	4	1994	1	0	0	1	91	1	hispanic	3	3	3	2	0	49	3
57905173	3413326	5	1995	2	0	1	1	92	1	hispanic	3	3	3	2	0	49	3
57905173	3413326	6	1996	3	0	0	1	89	1	hispanic	3	3	3	2	0	49	3
57905173	3428850	3	1995	1	0	0	0	64	0	hispanic	3	5	5	2	0	49	3
57905173	3428850	4	1996	2	0	0	0	66	0	hispanic	3	5	5	2	0	49	3
57905173	3428850	5	1997	3	0	0	0	70	0	hispanic	3	5	5	2	0	49	3
57905173	3428850	6	1998	4	0	0	0	78	0	hispanic	3	5	5	2	0	49	3
57905173	3456286	6	1994	1	0	0	0	82	1	white	1	1	1	2	0	49	1
57905175	188681	3	1998	1	0	0	1	77	1	black	2	8	8	3	1	35.7	2
57905175	188681	4	1999	2	0	0	1	91	1	black	2	8	8	3	1	35.7	2
57905175	188681	5	2000	3	0	0	1	92	1	black	2	8	8	3	1	35.7	2
57905175	201554	3	1998	1	0	0	1	69	0	black	2	8	8	3	1	35.7	2
57905175	296776	4	1999	1	0	0	1	82	0	black	2	8	8	3	1	35.7	2
57905175	319438	3	1997	1	0	0	1	82	1	black	2	7	7	3	1	35.7	2
57905175	319438	4	1998	2	0	0	1	67	1	black	2	7	7	3	1	35.7	2
57905175	319438	6	2000	4	0	1	1	62	1	black	2	7	7	3	1	35.7	2
57905175	398879	3	1998	1	0	0	1	50	1	black	2	8	8	3	1	35.7	2
57905175	429282	3	1996	1	0	0	1	70	1	black	2	6	6	3	1	35.7	2
57905175	429282	4	1997	2	0	0	1	63	1	black	2	6	6	3	1	35.7	2
57905175	727604	3	1999	1	0	0	0	63	1	black	2	9	9	3	1	35.7	2
57905175	727604	4	2000	2	0	0	0	70	1	black	2	9	9	3	1	35.7	2
57905175	820461	3	1995	1	0	0	0	79	1	black	2	5	5	3	1	35.7	2
57905175	820461	4	1996	2	0	0	0	81	1	black	2	5	5	3	1	35.7	2
57905175	820461	5	1997	3	0	0	0	82	1	black	2	5	5	3	1	35.7	2
57905175	914471	3	1999	1	0	0	1	78	1	black	2	9	9	3	1	35.7	2
57905175	914471	4	2000	2	0	0	1	83	1	black	2	9	9	3	1	35.7	2
57905175	1119350	3	2000	1	0	0	1	25	0	black	2	10	10	3	1	35.7	2
57905175	1992532	5	1994	1	0	0	1	75	0	black	2	2	2	3	1	35.7	2
57905175	1992532	6	1995	2	0	0	0	72	0	black	2	2	2	3	1	35.7	2
57905175	2010706	4	1994	1	0	0	0	53	1	black	2	3	3	3	1	35.7	2
57905175	2010706	5	1995	2	0	0	0	65	1	black	2	3	3	3	1	35.7	2
57905175	2010706	6	1996	3	0	0	1	68	1	black	2	3	3	3	1	35.7	2
57905175	2314143	3	1994	1	0	0	1	50	1	black	2	4	4	3	1	35.7	2
57905175	2314143	4	1995	2	0	0	0	44	1	black	2	4	4	3	1	35.7	2
57905175	2314143	5	1996	3	0	0	1	59	1	black	2	4	4	3	1	35.7	2
57905175	2314143	6	1997	4	0	0	1	66	1	black	2	4	4	3	1	35.7	2
57905175	2360777	4	1994	1	0	0	0	54	0	black	2	3	3	3	1	35.7	2
57905175	2360777	5	1995	2	0	0	1	52	0	black	2	3	3	3	1	35.7	2
57905175	2484171	3	1995	1	0	0	0	39	0	black	2	5	5	3	1	35.7	2
57905175	2484171	4	1996	2	0	0	0	48	0	black	2	5	5	3	1	35.7	2
57905175	2484171	5	1997	3	0	0	0	62	0	black	2	5	5	3	1	35.7	2
57905175	2484171	6	1998	4	0	0	0	69	0	black	2	5	5	3	1	35.7	2
57905175	2488368	3	1994	1	0	0	0	45	1	black	2	4	4	3	1	35.7	2
57905175	2488368	4	1995	2	0	0	0	63	1	black	2	4	4	3	1	35.7	2
57905175	2488368	5	1996	3	0	0	1	74	1	black	2	4	4	3	1	35.7	2
57905175	2488368	6	1997	4	0	0	1	77	1	black	2	4	4	3	1	35.7	2
57905175	2657862	3	1999	1	0	0	1	65	1	black	2	9	9	3	1	35.7	2
57905175	2657862	4	2000	2	0	0	1	68	1	black	2	9	9	3	1	35.7	2
57905175	2763212	5	1994	1	0	0	1	58	1	black	2	2	2	3	1	35.7	2
57905175	2763212	6	1995	2	0	0	0	45	1	black	2	2	2	3	1	35.7	2
57905175	2902632	5	1994	1	0	0	1	83	0	black	2	2	2	3	1	35.7	2
57905175	2902632	6	1995	2	0	0	1	72	0	black	2	2	2	3	1	35.7	2
57905175	3532802	3	1994	1	0	0	1	30	0	black	2	4	4	3	1	35.7	2
57905175	3532802	4	1995	2	0	1	1	48	0	black	2	4	4	3	1	35.7	2
57905175	3532802	5	1996	3	0	0	1	53	0	black	2	4	4	3	1	35.7	2
57905175	3532802	6	1997	4	0	0	1	59	0	black	2	4	4	3	1	35.7	2
57905178	116218	3	1997	1	0	0	1	66	1	black	2	7	8	1	0	33.9	2
57905178	116218	4	1998	2	0	0	1	33	1	black	2	7	8	1	0	33.9	2
57905178	116218	4	1999	3	1	0	1	58	1	black	2	7	8	1	0	33.9	2
57905178	116218	5	2000	4	0	0	1	57	1	black	2	7	8	1	0	33.9	2
57905178	131941	4	1994	1	0	0	0	81	0	black	2	3	3	1	0	33.9	2
57905178	131941	5	1995	2	0	0	0	75	0	black	2	3	3	1	0	33.9	2
57905178	131941	6	1996	3	0	0		78	0	black	2	3	3	1	0	33.9	2
57905178	185800	3	1995	1	0	0	1	79	0	black	2	5	5	1	0	33.9	2
57905178	185800	4	1996	2	0	0		89	0	black	2	5	5	1	0	33.9	2
57905178	185800	5	1997	3	0	1	0	82	0	black	2	5	5	1	0	33.9	2
57905178	185800	6	1998	4	0	0	1	79	0	black	2	5	5	1	0	33.9	2
57905178	244529	3	1995	1	0	0	0	66	1	black	2	5	5	1	0	33.9	2
57905178	244529	4	1996	2	0	0	1	81	1	black	2	5	5	1	0	33.9	2
57905178	244529	6	1998	4	0	0	1	81	1	black	2	5	5	1	0	33.9	2
57905178	340923	3	1997	1	0	0	1	64	1	black	2	7	8	1	0	33.9	2
57905178	340923	4	1998	2	0	0	1	46	1	black	2	7	8	1	0	33.9	2
57905178	340923	4	1999	3	1	0	1	59	1	black	2	7	8	1	0	33.9	2
57905178	340923	5	2000	4	0	0	1	66	1	black	2	7	8	1	0	33.9	2
57905178	506323	3	1996	1	0	0	1	75	0	hispanic	3	6	6	1	0	33.9	3
57905178	506323	4	1997	2	0	0	1	81	0	hispanic	3	6	6	1	0	33.9	3
57905178	506323	5	1998	3	0	1		78	0	hispanic	3	6	6	1	0	33.9	3
57905178	506323	6	1999	4	0	0		81	0	hispanic	3	6	6	1	0	33.9	3
57905178	1029170	4	2000	1	0	0	1	68	1	hispanic	3	9	9	1	0	33.9	3
57905178	1280260	3	2000	1	0	0	1	90	1	hispanic	3	10	10	1	0	33.9	3
57905178	1946575	4	1994	1	0	0	1	69	1	black	2	3	3	1	0	33.9	2
57905178	1946575	5	1995	2	0	0	0	71	1	black	2	3	3	1	0	33.9	2
57905178	1946575	6	1996	3	0	0	1	74	1	black	2	3	3	1	0	33.9	2
57905178	1956332	5	1994	1	0	0		86	1	hispanic	3	2	2	1	0	33.9	3
57905178	1956332	6	1995	2	0	0		78	1	hispanic	3	2	2	1	0	33.9	3
57905178	1967614	4	1995	1	0	0		30	0	black	2	3	3	1	0	33.9	2
57905178	1967614	6	1996	2	0	1	1	26	0	black	2	3	3	1	0	33.9	2
57905178	2067265	4	1994	1	0	0	1	76	0	black	2	3	3	1	0	33.9	2
57905178	2067265	5	1995	2	0	0	1	73	0	black	2	3	3	1	0	33.9	2
57905178	2067265	6	1996	3	0	1	1	79	0	black	2	3	3	1	0	33.9	2
57905178	2083095	4	1994	1	0	0	0	49	0	black	2	3	3	1	0	33.9	2
57905178	2083095	5	1995	2	0	0	0	60	0	black	2	3	3	1	0	33.9	2
57905178	2083095	6	1996	3	0	0	1	59	0	black	2	3	3	1	0	33.9	2
57905178	2215165	3	1997	1	0	0	1	74	0	black	2	7	7	1	0	33.9	2
57905178	2215165	4	1998	2	0	0	1	83	0	black	2	7	7	1	0	33.9	2
57905178	2215165	5	1999	3	0	0		76	0	black	2	7	7	1	0	33.9	2
57905178	2215165	6	2000	4	0	0		75	0	black	2	7	7	1	0	33.9	2
57905178	2492398	3	1994	1	0	0	0	74	0	black	2	4	4	1	0	33.9	2
57905178	2492398	4	1995	2	0	0	1	88	0	black	2	4	4	1	0	33.9	2
57905178	2492398	5	1996	3	0	0	1	81	0	black	2	4	4	1	0	33.9	2
57905178	2492398	6	1997	4	0	0	1	83	0	black	2	4	4	1	0	33.9	2
57905178	2781593	3	1994	1	0	0	1	24	0	black	2	4	4	1	0	33.9	2
57905178	2781593	4	1995	2	0	0	1	48	0	black	2	4	4	1	0	33.9	2
57905178	2781593	5	1996	3	0	0	1	53	0	black	2	4	4	1	0	33.9	2
57905178	2958098	3	1995	1	0	0	0	28	0	black	2	5	5	1	0	33.9	2
57905178	2958098	5	1997	3	0	0	1	28	0	black	2	5	5	1	0	33.9	2
57905178	2958098	6	1998	4	0	0	1	53	0	black	2	5	5	1	0	33.9	2
57905178	3256957	6	1997	1	0	0		58	1	black	2	4	4	1	0	33.9	2
57905178	3372175	3	1997	1	0	0	1	88	1	black	2	7	7	1	0	33.9	2
57905178	3372175	4	1998	2	0	0	1	90	1	black	2	7	7	1	0	33.9	2
57905178	3372175	5	1999	3	0	0	1	91	1	black	2	7	7	1	0	33.9	2
57905178	3372175	6	2000	4	0	0	1	90	1	black	2	7	7	1	0	33.9	2
57905178	3569437	3	1994	1	0	0	1	80	0	black	2	4	4	1	0	33.9	2
57905178	3569437	4	1995	2	0	0	1	89	0	black	2	4	4	1	0	33.9	2
57905178	3569437	6	1997	4	0	1		87	0	black	2	4	4	1	0	33.9	2
57905180	61931	3	1996	1	0	0	0	68	0	white	1	6	6	3	0	31.2	1
57905180	61931	4	1997	2	0	0		83	0	white	1	6	6	3	0	31.2	1
57905180	61931	5	1998	3	0	0	0	84	0	white	1	6	6	3	0	31.2	1
57905180	61931	6	1999	4	0	0		86	0	white	1	6	6	3	0	31.2	1
57905180	460845	5	1998	1	0	0	1	90	1	hispanic	3	6	6	3	0	31.2	3
57905180	460845	6	1999	2	0	0	1	75	1	hispanic	3	6	6	3	0	31.2	3
57905180	481137	3	1995	1	0	0		51	1	black	2	5	5	3	0	31.2	2
57905180	481137	4	1996	2	0	0		51	1	black	2	5	5	3	0	31.2	2
57905180	481137	5	1997	3	0	0		62	1	black	2	5	5	3	0	31.2	2
57905180	481137	6	1998	4	0	0		76	1	black	2	5	5	3	0	31.2	2
57905180	654134	3	1999	1	0	0	1	84	0	hispanic	3	9	9	3	0	31.2	3
57905180	654134	4	2000	2	0	0	1	90	0	hispanic	3	9	9	3	0	31.2	3
57905180	684822	3	1999	1	0	0	1	86	1	hispanic	3	9	9	3	0	31.2	3
57905180	684822	4	2000	2	0	0	1	90	1	hispanic	3	9	9	3	0	31.2	3
57905180	1091409	3	1998	1	0	0	1	25	0	black	2	8	9	3	0	31.2	2
57905180	1091409	3	1999	2	1	1	1	61	0	black	2	8	9	3	0	31.2	2
57905180	1356305	4	1995	1	0	0	1	89	1	hispanic	3	4	4	3	0	31.2	3
57905180	1356305	5	1996	2	0	0	1	85	1	hispanic	3	4	4	3	0	31.2	3
57905180	1356305	6	1997	3	0	0	1	87	1	hispanic	3	4	4	3	0	31.2	3
57905180	1467830	4	1998	1	0	0	1	83	0	black	2	7	7	3	0	31.2	2
57905180	1467830	5	1999	2	0	1	1	78	0	black	2	7	7	3	0	31.2	2
57905180	1467830	6	2000	3	0	0	1	84	0	black	2	7	7	3	0	31.2	2
57905180	1769324	6	1994	1	0	0	1	69	0	black	2	1	1	3	0	31.2	2
57905180	2189711	4	1994	1	0	0	0	53	0	black	2	3	3	3	0	31.2	2
57905180	2189711	5	1995	2	0	0		69	0	black	2	3	3	3	0	31.2	2
57905180	2189711	6	1996	3	0	0		79	0	black	2	3	3	3	0	31.2	2
57905180	2303847	4	1994	1	0	0	0	79	0	white	1	3	3	3	0	31.2	1
57905180	2303847	5	1995	2	0	0	0	78	0	white	1	3	3	3	0	31.2	1
57905180	2303847	6	1996	3	0	0	0	68	0	white	1	3	3	3	0	31.2	1
57905180	2966634	3	1995	1	0	0	1	49	1	white	1	5	5	3	0	31.2	1
57905180	3015822	6	1998	1	0	0		76	0	white	1	5	5	3	0	31.2	1
57905180	3420433	5	1995	1	0	0	1	90	0	hispanic	3	3	3	3	0	31.2	3
57905180	3476529	4	1994	1	0	0	1	78	0	hispanic	3	3	3	3	0	31.2	3
57905180	3517470	3	1994	1	0	0	0	63	1	other	4	4	4	3	0	31.2	4
57905180	3517470	4	1995	2	0	0	1	72	1	other	4	4	4	3	0	31.2	4
57905180	3517470	5	1996	3	0	0	1	67	1	other	4	4	4	3	0	31.2	4
57905180	3517470	6	1997	4	0	0	1	64	1	other	4	4	4	3	0	31.2	4
57905180	3532271	4	1994	1	0	0	1	56	1	black	2	3	3	3	0	31.2	2
57905180	3532271	5	1995	2	0	0	1	57	1	black	2	3	3	3	0	31.2	2
57905180	3532271	6	1996	3	0	0	1	49	1	black	2	3	3	3	0	31.2	2
57905180	3541176	5	1999	1	0	0	1	85	0	hispanic	3	7	7	3	0	31.2	3
57905180	3541176	6	2000	2	0	0	1	80	0	hispanic	3	7	7	3	0	31.2	3
57905180	3553673	5	1994	1	0	0	1	85	0	black	2	2	2	3	0	31.2	2
57905180	3553673	6	1995	2	0	0	1	85	0	black	2	2	2	3	0	31.2	2
57905180	3574569	5	1994	1	0	0	1	49	0	white	1	2	2	3	0	31.2	1
57905180	3574569	6	1995	2	0	0	1	48	0	white	1	2	2	3	0	31.2	1
57905186	21173	3	1995	1	0	0	1	22	1	black	2	5	5	3	0	43.9	2
57905186	21173	4	1996	2	0	0	1	27	1	black	2	5	5	3	0	43.9	2
57905186	21173	5	1997	3	0	0	1	40	1	black	2	5	5	3	0	43.9	2
57905186	21173	6	1998	4	0	0	1	32	1	black	2	5	5	3	0	43.9	2
57905186	52315	3	1995	1	0	0	1	70	1	black	2	5	5	3	0	43.9	2
57905186	52315	4	1996	2	0	0	1	84	1	black	2	5	5	3	0	43.9	2
57905186	52315	5	1997	3	0	0	1	84	1	black	2	5	5	3	0	43.9	2
57905186	52315	6	1998	4	0	0	1	79	1	black	2	5	5	3	0	43.9	2
57905186	85882	3	1996	1	0	0	1	59	1	black	2	6	6	3	0	43.9	2
57905186	85882	4	1997	2	0	0	1	83	1	black	2	6	6	3	0	43.9	2
57905186	85882	5	1998	3	0	0	1	66	1	black	2	6	6	3	0	43.9	2
57905186	85882	6	1999	4	0	0	1	78	1	black	2	6	6	3	0	43.9	2
57905186	123493	3	1998	1	0	0	1	79	1	black	2	8	8	3	0	43.9	2
57905186	123493	4	1999	2	0	0	1	73	1	black	2	8	8	3	0	43.9	2
57905186	141653	4	2000	1	0	0	1	78	0	black	2	9	9	3	0	43.9	2
57905186	196844	3	1999	1	0	0	1	37	0	hispanic	3	9	9	3	0	43.9	3
57905186	196844	4	2000	2	0	0	1	64	0	hispanic	3	9	9	3	0	43.9	3
57905186	196861	6	1999	1	0	0	1	70	0	hispanic	3	6	6	3	0	43.9	3
57905186	283297	3	1999	1	0	0	1	84	1	black	2	9	9	3	0	43.9	2
57905186	542176	3	1998	1	0	0	1	45	0	black	2	8	9	3	0	43.9	2
57905186	542176	3	1999	2	1	0	1	25	0	black	2	8	9	3	0	43.9	2
57905186	770677	3	1999	1	0	0	1	37	0	black	2	9	9	3	0	43.9	2
57905186	770677	4	2000	2	0	0	1	53	0	black	2	9	9	3	0	43.9	2
57905186	929469	3	1999	1	0	0		78	0	black	2	9	9	3	0	43.9	2
57905186	929469	4	2000	2	0	0	0	88	0	black	2	9	9	3	0	43.9	2
57905186	1455764	4	1995	1	0	0		68	0	hispanic	3	4	4	3	0	43.9	3
57905186	1455764	5	1996	2	0	0		74	0	hispanic	3	4	4	3	0	43.9	3
57905186	1455764	6	1997	3	0	0		76	0	hispanic	3	4	4	3	0	43.9	3
57905186	1943584	5	1994	1	0	0	0	42	1	black	2	2	2	3	0	43.9	2
57905186	1943584	6	1995	2	0	0	1	66	1	black	2	2	2	3	0	43.9	2
57905186	2324154	4	1995	1	0	0	1	32	0	black	2	4	4	3	0	43.9	2
57905186	2324154	5	1996	2	0	1	1	66	0	black	2	4	4	3	0	43.9	2
57905186	2324154	6	1997	3	0	1	1	73	0	black	2	4	4	3	0	43.9	2
57905186	2353216	3	1995	1	0	0	1	26	1	black	2	5	5	3	0	43.9	2
57905186	2353216	4	1996	2	0	0	1	38	1	black	2	5	5	3	0	43.9	2
57905186	2583488	4	1994	1	0	0	0	69	1	black	2	3	3	3	0	43.9	2
57905186	2583488	5	1995	2	0	0	0	63	1	black	2	3	3	3	0	43.9	2
57905186	2583488	6	1996	3	0	0	1	76	1	black	2	3	3	3	0	43.9	2
57905186	2804479	3	1995	1	0	0	1	81	0	black	2	5	5	3	0	43.9	2
57905186	2804479	4	1996	2	0	0	1	87	0	black	2	5	5	3	0	43.9	2
57905186	2804479	5	1997	3	0	0	1	85	0	black	2	5	5	3	0	43.9	2
57905186	2804479	6	1998	4	0	1		89	0	black	2	5	5	3	0	43.9	2
57905186	3399473	3	1994	1	0	0	0	65	0	black	2	4	4	3	0	43.9	2
57905186	3399473	4	1995	2	0	0	0	79	0	black	2	4	4	3	0	43.9	2
57905186	3399473	5	1996	3	0	0	0	67	0	black	2	4	4	3	0	43.9	2
57905186	3399473	6	1997	4	0	0	0	81	0	black	2	4	4	3	0	43.9	2
57905186	3515877	3	1997	1	0	0	1	70	0	black	2	7	7	3	0	43.9	2
57905186	3515877	4	1998	2	0	0	1	77	0	black	2	7	7	3	0	43.9	2
57905186	3515877	5	1999	3	0	0	1	85	0	black	2	7	7	3	0	43.9	2
57905186	3515877	6	2000	4	0	0	1	78	0	black	2	7	7	3	0	43.9	2
57905186	3573003	4	1998	1	0	0	1	75	1	black	2	7	7	3	0	43.9	2
57905186	3573003	5	1999	2	0	0	1	78	1	black	2	7	7	3	0	43.9	2
57905186	3573003	6	2000	3	0	0	1	84	1	black	2	7	7	3	0	43.9	2
57905198	99982	3	1994	1	0	0	0	93	0	white	1	4	4	3	1	53.1	1
57905198	99982	4	1995	2	0	0	0	91	0	white	1	4	4	3	1	53.1	1
57905198	99982	5	1996	3	0	0	0	93	0	white	1	4	4	3	1	53.1	1
57905198	99982	6	1997	4	0	0	0	90	0	white	1	4	4	3	1	53.1	1
57905198	250175	3	1998	1	0	0	1	70	1	black	2	8	8	3	1	53.1	2
57905198	279591	3	2000	1	0	0	0	81	0	white	1	10	10	3	1	53.1	1
57905198	362983	4	1994	1	0	0	0	86	0	white	1	3	3	3	1	53.1	1
57905198	362983	5	1995	2	0	0	0	87	0	white	1	3	3	3	1	53.1	1
57905198	362983	6	1996	3	0	0	0	90	0	white	1	3	3	3	1	53.1	1
57905198	393813	3	1999	1	0	0	0	91	1	white	1	9	9	3	1	53.1	1
57905198	393813	4	2000	2	0	0	0	87	1	white	1	9	9	3	1	53.1	1
57905198	611221	3	1998	1	0	0	1	58	1	black	2	8	8	3	1	53.1	2
57905198	611221	4	1999	2	0	1	1	70	1	black	2	8	8	3	1	53.1	2
57905198	611221	5	2000	3	0	0	0	76	1	black	2	8	8	3	1	53.1	2
57905198	648071	3	1996	1	0	0	1	80	1	hispanic	3	6	6	3	1	53.1	3
57905198	648071	4	1997	2	0	0	1	91	1	hispanic	3	6	6	3	1	53.1	3
57905198	648071	5	1998	3	0	0		93	1	hispanic	3	6	6	3	1	53.1	3
57905198	648071	6	1999	4	0	1	1	90	1	hispanic	3	6	6	3	1	53.1	3
57905198	684108	3	1997	1	0	0		93	0	white	1	7	7	3	1	53.1	1
57905198	684108	4	1998	2	0	0	0	84	0	white	1	7	7	3	1	53.1	1
57905198	684108	5	1999	3	0	0		87	0	white	1	7	7	3	1	53.1	1
57905198	739117	3	1999	1	0	0	0	56	0	black	2	9	9	3	1	53.1	2
57905198	739117	4	2000	2	0	0	1	80	0	black	2	9	9	3	1	53.1	2
57905198	1013847	3	1995	1	0	0	0	64	1	white	1	5	5	3	1	53.1	1
57905198	1013847	4	1996	2	0	0	0	77	1	white	1	5	5	3	1	53.1	1
57905198	1013847	5	1997	3	0	0	0	57	1	white	1	5	5	3	1	53.1	1
57905198	1013847	6	1998	4	0	0	0	86	1	white	1	5	5	3	1	53.1	1
57905198	1209631	3	2000	1	0	0	1	76	1	hispanic	3	10	10	3	1	53.1	3
57905198	1924008	5	1994	1	0	0	0	78	1	white	1	2	2	3	1	53.1	1
57905198	1924008	6	1995	2	0	0	0	78	1	white	1	2	2	3	1	53.1	1
57905198	2344786	3	1998	1	0	0	1	81	1	black	2	8	8	3	1	53.1	2
57905198	2344786	4	1999	2	0	0	1	82	1	black	2	8	8	3	1	53.1	2
57905198	2344786	5	2000	3	0	0	1	90	1	black	2	8	8	3	1	53.1	2
57905198	2408355	3	1994	1	0	0		78	0	black	2	4	4	3	1	53.1	2
57905198	2408355	4	1995	2	0	0		84	0	black	2	4	4	3	1	53.1	2
57905198	2408355	5	1996	3	0	0		81	0	black	2	4	4	3	1	53.1	2
57905198	2408355	6	1997	4	0	0		92	0	black	2	4	4	3	1	53.1	2
57905198	2852590	6	1999	1	0	0	1	80	1	hispanic	3	6	6	3	1	53.1	3
57905198	3162780	3	1998	1	0	0	1	75	0	black	2	8	8	3	1	53.1	2
57905198	3162780	4	1999	2	0	1	1	58	0	black	2	8	8	3	1	53.1	2
57905198	3221454	4	1994	1	0	0		86	1	hispanic	3	3	3	3	1	53.1	3
57905198	3221454	5	1995	2	0	0	1	85	1	hispanic	3	3	3	3	1	53.1	3
57905198	3221454	6	1996	3	0	0	1	89	1	hispanic	3	3	3	3	1	53.1	3
57905198	3342047	6	1994	1	0	0	0	83	1	white	1	1	1	3	1	53.1	1
57905198	3380374	3	1998	1	0	0	1	67	1	black	2	8	8	3	1	53.1	2
57905198	3384719	5	1994	1	0	0	0	88	1	white	1	2	2	3	1	53.1	1
57905198	3384719	6	1995	2	0	0	0	87	1	white	1	2	2	3	1	53.1	1
57905200	58733	3	1998	1	0	0	1	91	1	black	2	8	8	2	2	45.7	2
57905200	58733	4	1999	2	0	0	1	90	1	black	2	8	8	2	2	45.7	2
57905200	58733	5	2000	3	0	0	1	93	1	black	2	8	8	2	2	45.7	2
57905200	60047	3	1997	1	0	0	1	84	0	black	2	7	7	2	2	45.7	2
57905200	60047	4	1998	2	0	0	1	83	0	black	2	7	7	2	2	45.7	2
57905200	60047	5	1999	3	0	1	1	87	0	black	2	7	7	2	2	45.7	2
57905200	60047	6	2000	4	0	0	1	91	0	black	2	7	7	2	2	45.7	2
57905200	96638	3	1998	1	0	0	1	87	0	black	2	8	8	2	2	45.7	2
57905200	96638	4	1999	2	0	0	1	86	0	black	2	8	8	2	2	45.7	2
57905200	96638	5	2000	3	0	0	1	90	0	black	2	8	8	2	2	45.7	2
57905200	124095	6	1997	1	0	0	1	58	1	black	2	4	5	2	2	45.7	2
57905200	124095	6	1998	2	1	0	1	63	1	black	2	4	5	2	2	45.7	2
57905200	164664	3	1998	1	0	0	1	89	0	black	2	8	8	2	2	45.7	2
57905200	164664	4	1999	2	0	0	1	91	0	black	2	8	8	2	2	45.7	2
57905200	164664	5	2000	3	0	0	1	93	0	black	2	8	8	2	2	45.7	2
57905200	218925	3	1998	1	0	0	1	52	0	black	2	8	8	2	2	45.7	2
57905200	218925	4	1999	2	0	0	1	83	0	black	2	8	8	2	2	45.7	2
57905200	218925	5	2000	3	0	0	1	88	0	black	2	8	8	2	2	45.7	2
57905200	228895	3	1998	1	0	0	1	87	1	black	2	8	8	2	2	45.7	2
57905200	228895	4	1999	2	0	1	1	91	1	black	2	8	8	2	2	45.7	2
57905200	228895	5	2000	3	0	0	1	88	1	black	2	8	8	2	2	45.7	2
57905200	237716	3	2000	1	0	0	1	76	0	black	2	10	10	2	2	45.7	2
57905200	806884	3	1998	1	0	0	1	87	0	black	2	8	8	2	2	45.7	2
57905200	806884	4	1999	2	0	1	1	76	0	black	2	8	8	2	2	45.7	2
57905200	806884	5	2000	3	0	0	1	82	0	black	2	8	8	2	2	45.7	2
57905200	825349	3	1995	1	0	0	1	66	0	black	2	5	5	2	2	45.7	2
57905200	825349	4	1996	2	0	0	1	83	0	black	2	5	5	2	2	45.7	2
57905200	825349	5	1997	3	0	0	1	73	0	black	2	5	5	2	2	45.7	2
57905200	825349	6	1998	4	0	1	1	77	0	black	2	5	5	2	2	45.7	2
57905200	1029139	3	1999	1	0	0	1	76	0	black	2	9	9	2	2	45.7	2
57905200	1029139	4	2000	2	0	0	1	71	0	black	2	9	9	2	2	45.7	2
57905200	1279296	3	2000	1	0	0	1	65	1	black	2	10	10	2	2	45.7	2
57905200	1775706	6	1994	1	0	0	0	78	0	black	2	1	1	2	2	45.7	2
57905200	2101384	4	1994	1	0	0	0	86	0	black	2	3	3	2	2	45.7	2
57905200	2101384	5	1995	2	0	0	0	76	0	black	2	3	3	2	2	45.7	2
57905200	2101384	6	1996	3	0	0	1	74	0	black	2	3	3	2	2	45.7	2
57905200	2197440	4	1994	1	0	0	0	73	1	black	2	3	3	2	2	45.7	2
57905200	2197440	5	1995	2	0	1	1	55	1	black	2	3	3	2	2	45.7	2
57905200	2197440	6	1996	3	0	0	1	87	1	black	2	3	3	2	2	45.7	2
57905200	2838725	3	1997	1	0	0	1	84	0	black	2	7	7	2	2	45.7	2
57905200	2838725	4	1998	2	0	0	1	83	0	black	2	7	7	2	2	45.7	2
57905200	2838725	5	1999	3	0	0	1	92	0	black	2	7	7	2	2	45.7	2
57905200	2838725	6	2000	4	0	0	1	87	0	black	2	7	7	2	2	45.7	2
57905200	2906314	3	1996	1	0	0	1	65	0	black	2	6	7	2	2	45.7	2
57905200	2906314	4	1997	2	0	0	1	63	0	black	2	6	7	2	2	45.7	2
57905200	2906314	4	1998	3	1	0	1	79	0	black	2	6	7	2	2	45.7	2
57905200	2906314	5	1999	4	0	0	1	81	0	black	2	6	7	2	2	45.7	2
57905200	2906314	6	2000	5	0	0	1	81	0	black	2	6	7	2	2	45.7	2
57905200	3390408	6	1994	1	0	0	1	68	0	black	2	1	1	2	2	45.7	2
57905200	3442622	4	1994	1	0	0	1	68	0	black	2	3	3	2	2	45.7	2
57905200	3442622	5	1995	2	0	0	1	63	0	black	2	3	3	2	2	45.7	2
57905200	3442622	6	1996	3	0	0	1	78	0	black	2	3	3	2	2	45.7	2
57905200	3562785	3	1997	1	0	0	1	86	0	black	2	7	7	2	2	45.7	2
57905200	3562785	4	1998	2	0	0	1	81	0	black	2	7	7	2	2	45.7	2
57905200	3562785	5	1999	3	0	0	1	83	0	black	2	7	7	2	2	45.7	2
57905200	3562785	6	2000	4	0	0	1	83	0	black	2	7	7	2	2	45.7	2
57905210	29004	4	1996	1	0	0	1	54	0	black	2	5	5	2	2	40.8	2
57905210	29004	5	1997	2	0	0	1	57	0	black	2	5	5	2	2	40.8	2
57905210	29004	6	1998	3	0	0	1	69	0	black	2	5	5	2	2	40.8	2
57905210	105661	3	1997	1	0	0	1	68	0	hispanic	3	7	7	2	2	40.8	3
57905210	105661	4	1998	2	0	0	1	73	0	hispanic	3	7	7	2	2	40.8	3
57905210	105661	5	1999	3	0	0	1	86	0	hispanic	3	7	7	2	2	40.8	3
57905210	105661	6	2000	4	0	0	1	86	0	hispanic	3	7	7	2	2	40.8	3
57905210	152267	3	1998	1	0	0	1	83	0	black	2	8	8	2	2	40.8	2
57905210	152267	4	1999	2	0	0	1	79	0	black	2	8	8	2	2	40.8	2
57905210	152267	5	2000	3	0	0	1	86	0	black	2	8	8	2	2	40.8	2
57905210	231224	3	1997	1	0	0	1	88	1	hispanic	3	7	7	2	2	40.8	3
57905210	231224	4	1998	2	0	0	1	91	1	hispanic	3	7	7	2	2	40.8	3
57905210	231224	5	1999	3	0	0	1	91	1	hispanic	3	7	7	2	2	40.8	3
57905210	231224	6	2000	4	0	0	1	90	1	hispanic	3	7	7	2	2	40.8	3
57905210	481177	5	1999	1	0	0	1	82	1	hispanic	3	7	7	2	2	40.8	3
57905210	481177	6	2000	2	0	0	1	82	1	hispanic	3	7	7	2	2	40.8	3
57905210	481959	3	1994	1	0	0	0	63	1	black	2	4	4	2	2	40.8	2
57905210	481959	4	1995	2	0	0	0	78	1	black	2	4	4	2	2	40.8	2
57905210	481959	5	1996	3	0	0		88	1	black	2	4	4	2	2	40.8	2
57905210	481959	6	1997	4	0	0		88	1	black	2	4	4	2	2	40.8	2
57905210	582807	4	1994	1	0	0		89	1	white	1	3	3	2	2	40.8	1
57905210	582807	5	1995	2	0	0	0	82	1	white	1	3	3	2	2	40.8	1
57905210	610580	3	1995	1	0	0	1	64	0	black	2	5	5	2	2	40.8	2
57905210	610580	4	1996	2	0	0	0	69	0	black	2	5	5	2	2	40.8	2
57905210	610580	5	1997	3	0	0	0	69	0	black	2	5	5	2	2	40.8	2
57905210	610580	6	1998	4	0	0	1	68	0	black	2	5	5	2	2	40.8	2
57905210	722269	4	1994	1	0	0	0	88	0	white	1	3	3	2	2	40.8	1
57905210	722269	5	1995	2	0	0		87	0	white	1	3	3	2	2	40.8	1
57905210	722269	6	1996	3	0	0		83	0	white	1	3	3	2	2	40.8	1
57905210	723890	3	1996	1	0	0		38	1	black	2	6	6	2	2	40.8	2
57905210	723890	4	1997	2	0	0	1	47	1	black	2	6	6	2	2	40.8	2
57905210	723890	5	1998	3	0	0	1	48	1	black	2	6	6	2	2	40.8	2
57905210	723890	6	1999	4	0	0	1	55	1	black	2	6	6	2	2	40.8	2
57905210	815394	3	1998	1	0	0	1	79	0	hispanic	3	8	8	2	2	40.8	3
57905210	815394	4	1999	2	0	0	1	82	0	hispanic	3	8	8	2	2	40.8	3
57905210	815394	5	2000	3	0	0	1	92	0	hispanic	3	8	8	2	2	40.8	3
57905210	1738498	6	1994	1	0	0	1	80	1	black	2	1	1	2	2	40.8	2
57905210	1950284	5	1994	1	0	0	1	85	1	black	2	2	2	2	2	40.8	2
57905210	1950284	6	1995	2	0	0	1	85	1	black	2	2	2	2	2	40.8	2
57905210	2039313	5	1994	1	0	0	1	32	0	black	2	2	2	2	2	40.8	2
57905210	2039313	6	1995	2	0	0	0	45	0	black	2	2	2	2	2	40.8	2
57905210	2284314	3	1994	1	0	0	1	67	1	hispanic	3	4	4	2	2	40.8	3
57905210	2284314	4	1995	2	0	0	1	78	1	hispanic	3	4	4	2	2	40.8	3
57905210	2284314	5	1996	3	0	0	0	64	1	hispanic	3	4	4	2	2	40.8	3
57905210	2284314	6	1997	4	0	1	0	68	1	hispanic	3	4	4	2	2	40.8	3
57905210	2495183	3	1995	1	0	0	0	71	1	black	2	5	5	2	2	40.8	2
57905210	2495183	4	1996	2	0	0	1	69	1	black	2	5	5	2	2	40.8	2
57905210	2495183	5	1997	3	0	0	1	74	1	black	2	5	5	2	2	40.8	2
57905210	2495183	6	1998	4	0	0	1	84	1	black	2	5	5	2	2	40.8	2
57905210	3246596	6	1994	1	0	0	0	69	1	hispanic	3	1	1	2	2	40.8	3
57905210	3394108	5	1998	1	0	0	1	88	0	hispanic	3	6	6	2	2	40.8	3
57905210	3394108	6	1999	2	0	0	1	83	0	hispanic	3	6	6	2	2	40.8	3
57905210	3577263	3	1994	1	0	0	1	80	0	black	2	4	4	2	2	40.8	2
57905210	3577263	4	1995	2	0	0	1	75	0	black	2	4	4	2	2	40.8	2
57905210	3577263	5	1996	3	0	0	1	77	0	black	2	4	4	2	2	40.8	2
57905210	3577263	6	1997	4	0	0	1	87	0	black	2	4	4	2	2	40.8	2
57905210	3577268	3	1994	1	0	0		26	0	black	2	4	4	2	2	40.8	2
57905210	3577268	4	1995	2	0	0		44	0	black	2	4	4	2	2	40.8	2
57905210	3577268	5	1996	3	0	1	0	43	0	black	2	4	4	2	2	40.8	2
57905210	3577268	6	1997	4	0	0	0	49	0	black	2	4	4	2	2	40.8	2
57905216	29113	3	1996	1	0	0	1	84	1	hispanic	3	6	6	2	1	68	3
57905216	29113	4	1997	2	0	1	1	89	1	hispanic	3	6	6	2	1	68	3
57905216	29113	5	1998	3	0	0	1	90	1	hispanic	3	6	6	2	1	68	3
57905216	29113	6	1999	4	0	0	1	91	1	hispanic	3	6	6	2	1	68	3
57905216	215679	3	1996	1	0	0	0	45	1	black	2	6	6	2	1	68	2
57905216	215679	4	1997	2	0	0	0	69	1	black	2	6	6	2	1	68	2
57905216	215679	5	1998	3	0	0	0	70	1	black	2	6	6	2	1	68	2
57905216	215679	6	1999	4	0	0	0	81	1	black	2	6	6	2	1	68	2
57905216	229979	3	2000	1	0	0	1	74	0	black	2	10	10	2	1	68	2
57905216	320051	3	1998	1	0	0	1	32	0	black	2	8	8	2	1	68	2
57905216	320051	4	1999	2	0	0	1	54	0	black	2	8	8	2	1	68	2
57905216	320051	5	2000	3	0	0	0	58	0	black	2	8	8	2	1	68	2
57905216	326438	3	1998	1	0	0	1	65	0	black	2	8	8	2	1	68	2
57905216	326438	4	1999	2	0	0	1	83	0	black	2	8	8	2	1	68	2
57905216	326438	5	2000	3	0	0	1	88	0	black	2	8	8	2	1	68	2
57905216	372987	3	1995	1	0	0		40	1	hispanic	3	5	5	2	1	68	3
57905216	372987	4	1996	2	0	0		69	1	hispanic	3	5	5	2	1	68	3
57905216	372987	5	1997	3	0	1	1	63	1	hispanic	3	5	5	2	1	68	3
57905216	372987	6	1998	4	0	0	1	47	1	hispanic	3	5	5	2	1	68	3
57905216	425756	3	1995	1	0	0	1	62	1	black	2	5	5	2	1	68	2
57905216	425756	4	1996	2	0	0	1	78	1	black	2	5	5	2	1	68	2
57905216	425756	5	1997	3	0	1	1	86	1	black	2	5	5	2	1	68	2
57905216	425756	6	1998	4	0	0	1	90	1	black	2	5	5	2	1	68	2
57905216	575556	4	1999	1	0	0	1	32	1	hispanic	3	8	8	2	1	68	3
57905216	575556	5	2000	2	0	0	1	38	1	hispanic	3	8	8	2	1	68	3
57905216	657236	3	1996	1	0	0	1	38	1	black	2	6	6	2	1	68	2
57905216	657236	5	1998	3	0	1		41	1	black	2	6	6	2	1	68	2
57905216	657236	6	1999	4	0	1	0	51	1	black	2	6	6	2	1	68	2
57905216	1025151	3	1999	1	0	0	1	80	1	hispanic	3	9	9	2	1	68	3
57905216	1025151	4	2000	2	0	0	1	80	1	hispanic	3	9	9	2	1	68	3
57905216	1339157	4	1997	1	0	0	1	83	0	hispanic	3	6	6	2	1	68	3
57905216	1339157	5	1998	2	0	0	1	85	0	hispanic	3	6	6	2	1	68	3
57905216	1339157	6	1999	3	0	0	1	88	0	hispanic	3	6	6	2	1	68	3
57905216	1774523	6	1995	1	0	0	1	52	0	black	2	2	2	2	1	68	2
57905216	2238632	3	1994	1	0	0	1	82	1	black	2	4	4	2	1	68	2
57905216	2238632	4	1995	2	0	0	1	85	1	black	2	4	4	2	1	68	2
57905216	2238632	5	1996	3	0	0	1	77	1	black	2	4	4	2	1	68	2
57905216	2238632	6	1997	4	0	0	1	81	1	black	2	4	4	2	1	68	2
57905216	2337821	3	1998	1	0	0	1	70	1	black	2	8	8	2	1	68	2
57905216	2337821	4	1999	2	0	0	1	72	1	black	2	8	8	2	1	68	2
57905216	2337821	5	2000	3	0	0	1	76	1	black	2	8	8	2	1	68	2
57905216	2395539	4	1994	1	0	0	1	54	0	hispanic	3	3	3	2	1	68	3
57905216	2395539	5	1995	2	0	0	1	53	0	hispanic	3	3	3	2	1	68	3
57905216	2395539	6	1996	3	0	0		65	0	hispanic	3	3	3	2	1	68	3
57905216	2537030	3	1995	1	0	0	0	70	1	black	2	5	5	2	1	68	2
57905216	2537030	4	1996	2	0	1	1	54	1	black	2	5	5	2	1	68	2
57905216	2537030	5	1997	3	0	0	1	46	1	black	2	5	5	2	1	68	2
57905216	2537030	6	1998	4	0	0	1	82	1	black	2	5	5	2	1	68	2
57905216	2693219	3	1995	1	0	0	0	70	0	black	2	5	5	2	1	68	2
57905216	2693219	4	1996	2	0	0	0	77	0	black	2	5	5	2	1	68	2
57905216	2693219	5	1997	3	0	0	0	80	0	black	2	5	5	2	1	68	2
57905216	2693219	6	1998	4	0	0	1	81	0	black	2	5	5	2	1	68	2
57905216	3272328	3	1994	1	0	0		54	0	white	1	4	4	2	1	68	1
57905216	3272328	4	1995	2	0	0		69	0	white	1	4	4	2	1	68	1
57905216	3272328	5	1996	3	0	0		62	0	white	1	4	4	2	1	68	1
57905216	3528952	3	1997	1	0	0	1	84	0	hispanic	3	7	7	2	1	68	3
57905216	3528952	5	1999	3	0	0	1	87	0	hispanic	3	7	7	2	1	68	3
57905216	3528952	6	2000	4	0	0	1	89	0	hispanic	3	7	7	2	1	68	3
57905216	3569327	3	1994	1	0	0	1	50	0	black	2	4	4	2	1	68	2
57905216	3569327	4	1995	2	0	0	1	69	0	black	2	4	4	2	1	68	2
57905216	3569327	5	1996	3	0	0	1	68	0	black	2	4	4	2	1	68	2
57905250	29129	6	1994	1	0	0	1	55	0	black	2	1	1	3	4	24	2
57905250	29131	3	1996	1	0	0		80	1	hispanic	3	6	6	3	4	24	3
57905250	29131	6	1999	4	0	0	1	86	1	hispanic	3	6	6	3	4	24	3
57905250	85638	3	1997	1	0	0	1	76	1	black	2	7	7	3	4	24	2
57905250	85638	4	1998	2	0	0	1	88	1	black	2	7	7	3	4	24	2
57905250	85638	5	1999	3	0	0	1	75	1	black	2	7	7	3	4	24	2
57905250	85638	6	2000	4	0	0	1	85	1	black	2	7	7	3	4	24	2
57905250	123212	3	1997	1	0	0	1	58	1	black	2	7	7	3	4	24	2
57905250	123212	4	1998	2	0	0	1	81	1	black	2	7	7	3	4	24	2
57905250	123212	5	1999	3	0	0	1	76	1	black	2	7	7	3	4	24	2
57905250	123212	6	2000	4	0	0	1	67	1	black	2	7	7	3	4	24	2
57905250	366619	3	1998	1	0	0	1	77	0	black	2	8	8	3	4	24	2
57905250	366619	4	1999	2	0	0	1	70	0	black	2	8	8	3	4	24	2
57905250	366619	5	2000	3	0	1	1	82	0	black	2	8	8	3	4	24	2
57905250	470317	3	1998	1	0	0	1	79	1	black	2	8	8	3	4	24	2
57905250	470317	4	1999	2	0	0	1	74	1	black	2	8	8	3	4	24	2
57905250	470317	5	2000	3	0	0	1	71	1	black	2	8	8	3	4	24	2
57905250	600724	3	1994	1	0	0		63	1	hispanic	3	4	4	3	4	24	3
57905250	600724	4	1995	2	0	0		59	1	hispanic	3	4	4	3	4	24	3
57905250	600724	6	1997	4	0	0	1	83	1	hispanic	3	4	4	3	4	24	3
57905250	725466	4	2000	1	0	0	1	83	1	hispanic	3	9	9	3	4	24	3
57905250	735310	3	1998	1	0	0		67	0	black	2	8	8	3	4	24	2
57905250	735310	4	1999	2	0	1	0	80	0	black	2	8	8	3	4	24	2
57905250	735310	5	2000	3	0	0	0	82	0	black	2	8	8	3	4	24	2
57905250	947629	3	1999	1	0	0	1	84	0	black	2	9	9	3	4	24	2
57905250	947629	4	2000	2	0	0	1	82	0	black	2	9	9	3	4	24	2
57905250	1145774	3	2000	1	0	0	1	62	0	hispanic	3	10	10	3	4	24	3
57905250	1258755	3	1998	1	0	0	1	75	0	black	2	8	8	3	4	24	2
57905250	1258755	4	1999	2	0	0	1	72	0	black	2	8	8	3	4	24	2
57905250	1258755	5	2000	3	0	0	1	64	0	black	2	8	8	3	4	24	2
57905250	1808349	5	1994	1	0	0	1	81	0	black	2	2	2	3	4	24	2
57905250	1808349	6	1995	2	0	0	0	82	0	black	2	2	2	3	4	24	2
57905250	2130193	4	1994	1	0	0	1	36	1	black	2	3	3	3	4	24	2
57905250	2130193	5	1995	2	0	0	1	50	1	black	2	3	3	3	4	24	2
57905250	2130193	6	1996	3	0	0	0	60	1	black	2	3	3	3	4	24	2
57905250	2514758	3	1995	1	0	0	1	17	1	black	2	5	5	3	4	24	2
57905250	2514758	6	1998	4	0	1	1	52	1	black	2	5	5	3	4	24	2
57905250	2701038	3	1995	1	0	0	1	55	1	black	2	5	5	3	4	24	2
57905250	2701038	4	1996	2	0	0	1	70	1	black	2	5	5	3	4	24	2
57905250	2701038	5	1997	3	0	0	1	76	1	black	2	5	5	3	4	24	2
57905250	2701038	6	1998	4	0	0	1	85	1	black	2	5	5	3	4	24	2
57905250	2969208	3	1996	1	0	0	1	82	0	black	2	6	6	3	4	24	2
57905250	2969208	4	1997	2	0	0	1	84	0	black	2	6	6	3	4	24	2
57905250	2969208	5	1998	3	0	0		86	0	black	2	6	6	3	4	24	2
57905250	2969208	6	1999	4	0	0		83	0	black	2	6	6	3	4	24	2
57905250	3124768	3	1996	1	0	0		75	1	black	2	6	6	3	4	24	2
57905250	3124768	4	1997	2	0	0		63	1	black	2	6	6	3	4	24	2
57905250	3124768	5	1998	3	0	0	1	50	1	black	2	6	6	3	4	24	2
57905250	3124768	6	1999	4	0	0	1	67	1	black	2	6	6	3	4	24	2
57905250	3405668	5	1994	1	0	0	1	65	1	black	2	2	2	3	4	24	2
57905250	3405668	6	1995	2	0	0	1	68	1	black	2	2	2	3	4	24	2
57905250	3533118	3	1994	1	0	0		76	0	hispanic	3	4	4	3	4	24	3
57905250	3533118	4	1995	2	0	0		84	0	hispanic	3	4	4	3	4	24	3
57905250	3533118	5	1996	3	0	0		73	0	hispanic	3	4	4	3	4	24	3
57905250	3533118	6	1997	4	0	0	1	85	0	hispanic	3	4	4	3	4	24	3
57905263	5026	3	1996	1	0	0	1	80	0	black	2	6	6	3	0	31.8	2
57905263	5026	4	1997	2	0	0	1	87	0	black	2	6	6	3	0	31.8	2
57905263	5026	5	1998	3	0	0	1	89	0	black	2	6	6	3	0	31.8	2
57905263	5026	6	1999	4	0	0		87	0	black	2	6	6	3	0	31.8	2
57905263	47707	3	1998	1	0	0	1	83	0	black	2	8	8	3	0	31.8	2
57905263	47707	4	1999	2	0	0	1	87	0	black	2	8	8	3	0	31.8	2
57905263	47707	5	2000	3	0	0	1	81	0	black	2	8	8	3	0	31.8	2
57905263	60548	6	1994	1	0	0	1	66	0	black	2	1	1	3	0	31.8	2
57905263	108683	5	1994	1	0	0		47	0	hispanic	3	2	2	3	0	31.8	3
57905263	108683	6	1995	2	0	0		57	0	hispanic	3	2	2	3	0	31.8	3
57905263	442394	3	1998	1	0	0	1	77	0	black	2	8	8	3	0	31.8	2
57905263	442394	4	1999	2	0	0	1	91	0	black	2	8	8	3	0	31.8	2
57905263	442394	5	2000	3	0	0	1	88	0	black	2	8	8	3	0	31.8	2
57905263	508440	3	1999	1	0	0	1	91	0	black	2	9	9	3	0	31.8	2
57905263	508440	4	2000	2	0	0	1	86	0	black	2	9	9	3	0	31.8	2
57905263	1332477	3	2000	1	0	0	1	53	1	black	2	10	10	3	0	31.8	2
57905263	1812986	3	1996	1	0	0	1	82	0	black	2	6	6	3	0	31.8	2
57905263	1812986	4	1997	2	0	0	1	87	0	black	2	6	6	3	0	31.8	2
57905263	1812986	6	1999	4	0	0		83	0	black	2	6	6	3	0	31.8	2
57905263	2068241	4	1994	1	0	0	0	74	1	black	2	3	3	3	0	31.8	2
57905263	2068241	5	1995	2	0	0	1	47	1	black	2	3	3	3	0	31.8	2
57905263	2068241	6	1996	3	0	0	1	55	1	black	2	3	3	3	0	31.8	2
57905263	2075349	5	1994	1	0	0	0	83	0	black	2	2	2	3	0	31.8	2
57905263	2075349	6	1995	2	0	0	1	79	0	black	2	2	2	3	0	31.8	2
57905263	2151836	4	1994	1	0	0	0	68	0	black	2	3	3	3	0	31.8	2
57905263	2151836	5	1995	2	0	0	1	69	0	black	2	3	3	3	0	31.8	2
57905263	2151836	6	1996	3	0	0	1	70	0	black	2	3	3	3	0	31.8	2
57905263	2190698	4	1994	1	0	0	1	86	0	black	2	3	3	3	0	31.8	2
57905263	2190698	5	1995	2	0	0		89	0	black	2	3	3	3	0	31.8	2
57905263	2190698	6	1996	3	0	0	1	83	0	black	2	3	3	3	0	31.8	2
57905263	2346789	4	1995	1	0	0	1	74	0	black	2	4	4	3	0	31.8	2
57905263	2346789	5	1996	2	0	0	1	67	0	black	2	4	4	3	0	31.8	2
57905263	2346789	6	1997	3	0	0	1	78	0	black	2	4	4	3	0	31.8	2
57905263	2680831	3	1996	1	0	0	1	63	0	black	2	6	6	3	0	31.8	2
57905263	2680831	4	1997	2	0	0	1	60	0	black	2	6	6	3	0	31.8	2
57905263	2680831	5	1998	3	0	1	1	84	0	black	2	6	6	3	0	31.8	2
57905263	2680831	6	1999	4	0	0	1	83	0	black	2	6	6	3	0	31.8	2
57905263	2763139	3	1994	1	0	0		74	1	hispanic	3	4	4	3	0	31.8	3
57905263	2763139	4	1995	2	0	0		85	1	hispanic	3	4	4	3	0	31.8	3
57905263	2763139	5	1996	3	0	0		71	1	hispanic	3	4	4	3	0	31.8	3
57905263	2763139	6	1997	4	0	0		86	1	hispanic	3	4	4	3	0	31.8	3
57905263	2940146	3	1996	1	0	0		91	0	hispanic	3	6	6	3	0	31.8	3
57905263	2940146	4	1997	2	0	0	1	89	0	hispanic	3	6	6	3	0	31.8	3
57905263	2940146	5	1998	3	0	0	1	90	0	hispanic	3	6	6	3	0	31.8	3
57905263	2940146	6	1999	4	0	0	1	89	0	hispanic	3	6	6	3	0	31.8	3
57905263	3386456	5	1994	1	0	0	1	83	0	black	2	2	2	3	0	31.8	2
57905263	3386456	6	1995	2	0	0	1	80	0	black	2	2	2	3	0	31.8	2
57905263	3437956	3	1997	1	0	0	1	93	1	black	2	7	7	3	0	31.8	2
57905263	3437956	4	1998	2	0	0	1	87	1	black	2	7	7	3	0	31.8	2
57905263	3437956	5	1999	3	0	0	1	86	1	black	2	7	7	3	0	31.8	2
57905263	3484117	6	1997	1	0	0		69	1	black	2	4	4	3	0	31.8	2
57905263	3572500	3	1997	1	0	0	1	93	1	black	2	7	7	3	0	31.8	2
57905263	3572500	4	1998	2	0	0	1	88	1	black	2	7	7	3	0	31.8	2
57905263	3572500	5	1999	3	0	0	1	86	1	black	2	7	7	3	0	31.8	2
57905263	3572500	6	2000	4	0	1		84	1	black	2	7	7	3	0	31.8	2
57905268	6698	5	1997	1	0	0	1	87	0	hispanic	3	5	5	3	0	46	3
57905268	6698	6	1998	2	0	0	1	84	0	hispanic	3	5	5	3	0	46	3
57905268	14152	6	1998	1	0	0	1	78	0	hispanic	3	5	5	3	0	46	3
57905268	60426	4	1998	1	0	0	1	79	0	hispanic	3	7	7	3	0	46	3
57905268	60426	5	1999	2	0	0	1	86	0	hispanic	3	7	7	3	0	46	3
57905268	60426	6	2000	3	0	0	1	81	0	hispanic	3	7	7	3	0	46	3
57905268	96543	4	1999	1	0	0	1	70	1	hispanic	3	8	8	3	0	46	3
57905268	96543	5	2000	2	0	0	1	80	1	hispanic	3	8	8	3	0	46	3
57905268	108972	4	1998	1	0	0	1	84	1	hispanic	3	7	7	3	0	46	3
57905268	108972	5	1999	2	0	0	1	91	1	hispanic	3	7	7	3	0	46	3
57905268	108972	6	2000	3	0	0	1	91	1	hispanic	3	7	7	3	0	46	3
57905268	112807	4	1998	1	0	0	1	81	1	hispanic	3	7	7	3	0	46	3
57905268	112807	5	1999	2	0	0	1	85	1	hispanic	3	7	7	3	0	46	3
57905268	112807	6	2000	3	0	0	1	87	1	hispanic	3	7	7	3	0	46	3
57905268	134267	4	1997	1	0	0		84	1	hispanic	3	6	6	3	0	46	3
57905268	134267	5	1998	2	0	0	0	84	1	hispanic	3	6	6	3	0	46	3
57905268	134267	6	1999	3	0	0		90	1	hispanic	3	6	6	3	0	46	3
57905268	168196	6	1998	1	0	0	1	82	0	hispanic	3	5	5	3	0	46	3
57905268	839600	5	2000	1	0	0	1	77	1	hispanic	3	8	8	3	0	46	3
57905268	947960	4	2000	1	0	0	1	80	0	hispanic	3	9	9	3	0	46	3
57905268	2271580	4	1997	1	0	0	1	42	1	hispanic	3	6	6	3	0	46	3
57905268	2271580	5	1998	2	0	0	1	48	1	hispanic	3	6	6	3	0	46	3
57905268	2271580	6	1999	3	0	0	1	54	1	hispanic	3	6	6	3	0	46	3
57905268	2433076	4	1997	1	0	0	1	60	0	black	2	6	6	3	0	46	2
57905268	2687423	6	1997	1	0	0	1	75	1	hispanic	3	4	4	3	0	46	3
57905268	2749807	4	1997	1	0	0	1	63	1	hispanic	3	6	6	3	0	46	3
57905268	2749807	5	1998	2	0	1	1	76	1	hispanic	3	6	6	3	0	46	3
57905268	2749807	6	1999	3	0	0	1	83	1	hispanic	3	6	6	3	0	46	3
57905268	2890638	4	1997	1	0	0	1	45	0	other	5	6	6	3	0	46	4
57905268	2890638	5	1998	2	0	1	1	73	0	other	5	6	6	3	0	46	4
57905268	2890638	6	1999	3	0	0	1	78	0	other	5	6	6	3	0	46	4
57905268	3300288	4	1997	1	0	0	1	71	0	hispanic	3	6	6	3	0	46	3
57905268	3300288	5	1998	2	0	0	1	78	0	hispanic	3	6	6	3	0	46	3
57905268	3300288	6	1999	3	0	0	1	82	0	hispanic	3	6	6	3	0	46	3
57905268	3313908	6	1999	1	0	0	1	65	1	hispanic	3	6	6	3	0	46	3
57905268	3433671	5	1999	1	0	0	1	50	0	other	5	7	7	3	0	46	4
57905268	3433671	6	2000	2	0	1		66	0	other	5	7	7	3	0	46	4
57905268	3519111	4	1998	1	0	0	1	65	1	hispanic	3	7	7	3	0	46	3
57905268	3519111	5	1999	2	0	0	1	52	1	hispanic	3	7	7	3	0	46	3
57905268	3519111	6	2000	3	0	0	1	74	1	hispanic	3	7	7	3	0	46	3
57905268	3577236	5	1997	1	0	0	1	88	0	hispanic	3	5	5	3	0	46	3
57905268	3577236	6	1998	2	0	0	1	79	0	hispanic	3	5	5	3	0	46	3
57905269	14224	4	1997	1	0	0	1	79	1	hispanic	3	6	6	3	3	49.7	3
57905269	14224	5	1998	2	0	0	1	86	1	hispanic	3	6	6	3	3	49.7	3
57905269	14224	6	1999	3	0	1	1	90	1	hispanic	3	6	6	3	3	49.7	3
57905269	74957	5	1998	1	0	0	1	64	0	hispanic	3	6	6	3	3	49.7	3
57905269	74957	6	1999	2	0	0	1	89	0	hispanic	3	6	6	3	3	49.7	3
57905269	114255	4	2000	1	0	0	1	75	1	hispanic	3	9	9	3	3	49.7	3
57905269	188922	3	1999	1	0	0	1	65	0	hispanic	3	9	9	3	3	49.7	3
57905269	188922	4	2000	2	0	0	1	75	0	hispanic	3	9	9	3	3	49.7	3
57905269	388635	6	1997	1	0	0	1	79	1	hispanic	3	4	4	3	3	49.7	3
57905269	631619	3	1999	1	0	0	1	48	1	black	2	9	9	3	3	49.7	2
57905269	668359	3	1999	1	0	0	1	67	1	black	2	9	9	3	3	49.7	2
57905269	668359	4	2000	2	0	0	1	77	1	black	2	9	9	3	3	49.7	2
57905269	793630	6	2000	1	0	0	1	89	0	hispanic	3	7	7	3	3	49.7	3
57905269	858507	4	2000	1	0	0	1	84	1	hispanic	3	9	9	3	3	49.7	3
57905269	907357	3	1999	1	0	0	1	67	1	black	2	9	9	3	3	49.7	2
57905269	907357	4	2000	2	0	0	1	74	1	black	2	9	9	3	3	49.7	2
57905269	1244679	3	2000	1	0	0	1	78	0	black	2	10	10	3	3	49.7	2
57905269	1334520	3	2000	1	0	0	1	57	0	black	2	10	10	3	3	49.7	2
57905269	1355453	3	1998	1	0	0	1	52	0	hispanic	3	8	8	3	3	49.7	3
57905269	1355453	5	2000	3	0	0	1	62	0	hispanic	3	8	8	3	3	49.7	3
57905269	2526883	3	1999	1	0	0	1	58	1	black	2	9	9	3	3	49.7	2
57905269	2526883	4	2000	2	0	0	1	70	1	black	2	9	9	3	3	49.7	2
57905269	2544911	5	1997	1	0	0	1	70	0	hispanic	3	5	5	3	3	49.7	3
57905269	2544911	6	1998	2	0	0	1	84	0	hispanic	3	5	5	3	3	49.7	3
57905269	2582329	5	1997	1	0	0		62	0	hispanic	3	5	5	3	3	49.7	3
57905269	2632440	6	1997	1	0	0	1	76	1	hispanic	3	4	4	3	3	49.7	3
57905269	3085263	4	1997	1	0	0	1	60	1	black	2	6	6	3	3	49.7	2
57905269	3353824	6	2000	1	0	0	1	81	1	hispanic	3	7	7	3	3	49.7	3
57905269	3549308	3	1998	1	0	0	1	38	1	black	2	8	8	3	3	49.7	2
57905270	21197	6	1999	1	0	0	1	61	1	hispanic	3	6	6	3	4	43.1	3
57905270	58514	4	1998	1	0	0	1	79	0	hispanic	3	7	7	3	4	43.1	3
57905270	58514	5	1999	2	0	0	1	87	0	hispanic	3	7	7	3	4	43.1	3
57905270	58514	6	2000	3	0	0	1	86	0	hispanic	3	7	7	3	4	43.1	3
57905270	159102	4	1999	1	0	0	1	64	1	hispanic	3	8	8	3	4	43.1	3
57905270	159102	5	2000	2	0	0	1	62	1	hispanic	3	8	8	3	4	43.1	3
57905270	165556	4	1999	1	0	0	1	64	1	hispanic	3	8	8	3	4	43.1	3
57905270	165556	5	2000	2	0	0	1	63	1	hispanic	3	8	8	3	4	43.1	3
57905270	194252	6	1999	1	0	0	1	69	0	hispanic	3	6	6	3	4	43.1	3
57905270	253898	4	2000	1	0	0	1	74	0	hispanic	3	9	9	3	4	43.1	3
57905270	280614	4	1998	1	0	0	1	83	0	hispanic	3	7	7	3	4	43.1	3
57905270	280614	5	1999	2	0	0	1	87	0	hispanic	3	7	7	3	4	43.1	3
57905270	280614	6	2000	3	0	0	1	88	0	hispanic	3	7	7	3	4	43.1	3
57905270	300091	6	2000	1	0	0	1	69	1	hispanic	3	7	7	3	4	43.1	3
57905270	511255	4	1998	1	0	0	1	91	1	hispanic	3	7	7	3	4	43.1	3
57905270	511255	5	1999	2	0	0	1	92	1	hispanic	3	7	7	3	4	43.1	3
57905270	511255	6	2000	3	0	0	1	91	1	hispanic	3	7	7	3	4	43.1	3
57905270	638572	4	2000	1	0	0	1	55	1	hispanic	3	9	9	3	4	43.1	3
57905270	851058	4	2000	1	0	0	1	51	1	hispanic	3	9	9	3	4	43.1	3
57905270	1031607	4	1998	1	0	0	1	88	0	hispanic	3	7	7	3	4	43.1	3
57905270	1031607	5	1999	2	0	0	1	87	0	hispanic	3	7	7	3	4	43.1	3
57905270	1031607	6	2000	3	0	0	1	87	0	hispanic	3	7	7	3	4	43.1	3
57905270	1337981	5	2000	1	0	0	1	74	1	hispanic	3	8	8	3	4	43.1	3
57905270	1478261	6	2000	1	0	0	1	74	0	hispanic	3	7	7	3	4	43.1	3
57905270	1540556	4	1999	1	0	0	1	79	1	other	4	8	8	3	4	43.1	4
57905270	1540556	5	2000	2	0	0		83	1	other	4	8	8	3	4	43.1	4
57905270	2556634	6	1998	1	0	0	1	61	0	hispanic	3	5	5	3	4	43.1	3
57905270	2577230	5	1998	1	0	0	1	51	1	black	2	6	6	3	4	43.1	2
57905270	2577230	6	1999	2	0	0	1	45	1	black	2	6	6	3	4	43.1	2
57905270	3351432	6	1999	1	0	0	1	86	1	hispanic	3	6	6	3	4	43.1	3
57905270	3447127	5	1998	1	0	0	1	63	0	hispanic	3	6	6	3	4	43.1	3
57905270	3447127	6	1999	2	0	0	1	72	0	hispanic	3	6	6	3	4	43.1	3
57905270	3455647	4	1998	1	0	0	1	79	0	black	2	7	7	3	4	43.1	2
57905270	3455647	5	1999	2	0	0	1	83	0	black	2	7	7	3	4	43.1	2
57905270	3455647	6	2000	3	0	0	1	90	0	black	2	7	7	3	4	43.1	2
