SCHOOLID	CHILDID	GRADE	YEAR	TIME	RETAINED	SWITCH_SCHOOLS	DISADVANTAGED	TLI_MATH	MALE	ETHNICITY	RACE	FIRST_COHORT	LAST_COHORT	USI	MATH_SESSIONS	N_TEACHERS	ETHNIC
960	962	4	1999	1	0	0		84	1	hispanic	3	8	8	3	2	47	3
960	962	5	2000	2	0	0	1	90	1	hispanic	3	8	8	3	2	47	3
960	942	4	1998	1	0	0	1	65	1	hispanic	3	7	7	3	2	47	3
960	942	5	1999	2	0	0		22	1	hispanic	3	7	7	3	2	47	3
960	942	6	2000	3	0	0	0	46	1	hispanic	3	7	7	3	2	47	3
960	921	3	1998	1	0	0	1	67	0	hispanic	3	8	8	3	2	47	3
960	921	4	1999	2	0	0	1	74	0	hispanic	3	8	8	3	2	47	3
960	921	5	2000	3	0	1	1	82	0	hispanic	3	8	8	3	2	47	3
960	914	4	1998	1	0	0	1	72	1	black	2	7	7	3	2	47	2
960	914	5	1999	2	0	1	1	76	1	black	2	7	7	3	2	47	2
960	770	4	1994	1	0	0		73	0	hispanic	3	3	3	3	2	47	3
960	770	5	1995	2	0	1	1	73	0	hispanic	3	3	3	3	2	47	3
960	770	6	1996	3	0	1	1	82	0	hispanic	3	3	3	3	2	47	3
960	730	3	1994	1	0	0	1	41	0	black	2	4	4	3	2	47	2
960	730	4	1995	2	0	1	1	34	0	black	2	4	4	3	2	47	2
960	718	3	1998	1	0	0	1	54	0	black	2	8	8	3	2	47	2
960	718	4	1999	2	0	0	1	73	0	black	2	8	8	3	2	47	2
960	718	5	2000	3	0	0	1	74	0	black	2	8	8	3	2	47	2
960	603	3	1999	1	0	0		78	1	hispanic	3	9	9	3	2	47	3
960	603	4	2000	2	0	0	0	77	1	hispanic	3	9	9	3	2	47	3
960	583	3	1995	1	0	0		66	0	black	2	5	5	3	2	47	2
960	583	5	1997	3	0	1		88	0	black	2	5	5	3	2	47	2
960	583	6	1998	4	0	0	0	84	0	black	2	5	5	3	2	47	2
960	567	3	2000	1	0	0	1	52	1	hispanic	3	10	10	3	2	47	3
960	540	3	1997	1	0	0	0	84	1	black	2	7	7	3	2	47	2
960	540	4	1998	2	0	1		70	1	black	2	7	7	3	2	47	2
960	540	5	1999	3	0	1		90	1	black	2	7	7	3	2	47	2
960	540	6	2000	4	0	1		90	1	black	2	7	7	3	2	47	2
960	520	4	1998	1	0	0	1	63	0	hispanic	3	7	7	3	2	47	3
960	520	5	1999	2	0	0	1	61	0	hispanic	3	7	7	3	2	47	3
960	520	6	2000	3	0	0	1	81	0	hispanic	3	7	7	3	2	47	3
960	443	5	1994	1	0	0		78	0	white	1	2	2	3	2	47	1
960	443	6	1995	2	0	0	0	78	0	white	1	2	2	3	2	47	1
960	441	5	1994	1	0	0	1	55	0	black	2	2	2	3	2	47	2
960	441	6	1995	2	0	1	1	59	0	black	2	2	2	3	2	47	2
960	379	3	1994	1	0	0	1	50	0	black	2	4	4	3	2	47	2
960	379	4	1995	2	0	1	0	34	0	black	2	4	4	3	2	47	2
960	379	5	1996	3	0	0	1	50	0	black	2	4	4	3	2	47	2
960	379	6	1997	4	0	1	1	56	0	black	2	4	4	3	2	47	2
960	349	3	1994	1	0	0	1	22	1	black	2	4	4	3	2	47	2
960	349	4	1995	2	0	1	0	44	1	black	2	4	4	3	2	47	2
960	349	5	1996	3	0	1	1	39	1	black	2	4	4	3	2	47	2
960	349	6	1997	4	0	1	1	48	1	black	2	4	4	3	2	47	2
960	304	5	1998	1	0	0	1	67	1	hispanic	3	6	6	3	2	47	3
960	304	6	1999	2	0	0	1	73	1	hispanic	3	6	6	3	2	47	3
960	161	5	1999	1	0	0	1	45	1	hispanic	3	7	7	3	2	47	3
960	161	6	2000	2	0	1	1	53	1	hispanic	3	7	7	3	2	47	3
960	101	3	1994	1	0	0	1	56	1	black	2	4	4	3	2	47	2
960	101	4	1995	2	0	0	1	58	1	black	2	4	4	3	2	47	2
960	101	6	1997	4	0	1	1	71	1	black	2	4	4	3	2	47	2
960	83	4	1994	1	0	0	1	84	0	black	2	3	3	3	2	47	2
960	83	5	1995	2	0	1	1	75	0	black	2	3	3	3	2	47	2
960	83	6	1996	3	0	1	1	85	0	black	2	3	3	3	2	47	2
915	988	4	1997	1	0	0	1	74	1	hispanic	3	6	6	2	3	29.9	3
915	988	5	1998	2	0	0	1	71	1	hispanic	3	6	6	2	3	29.9	3
915	988	6	1999	3	0	1	1	80	1	hispanic	3	6	6	2	3	29.9	3
915	799	6	1999	1	0	0	1	83	1	hispanic	3	6	6	2	3	29.9	3
915	768	3	1998	1	0	0	1	69	1	hispanic	3	8	8	2	3	29.9	3
915	768	4	1999	2	0	0	1	61	1	hispanic	3	8	8	2	3	29.9	3
915	685	3	1997	1	0	0	1	21	0	hispanic	3	7	8	2	3	29.9	3
915	685	4	1998	2	0	0	1	39	0	hispanic	3	7	8	2	3	29.9	3
915	685	5	1999	3	0	0	1	31	0	hispanic	3	7	8	2	3	29.9	3
915	685	5	2000	4	1	0	1	62	0	hispanic	3	7	8	2	3	29.9	3
915	641	3	1999	1	0	0	1	86	1	hispanic	3	9	9	2	3	29.9	3
915	641	4	2000	2	0	0	1	88	1	hispanic	3	9	9	2	3	29.9	3
915	619	3	1998	1	0	0	1	73	0	hispanic	3	8	8	2	3	29.9	3
915	619	5	2000	3	0	0	1	90	0	hispanic	3	8	8	2	3	29.9	3
915	595	3	1997	1	0	0	1	41	1	hispanic	3	7	7	2	3	29.9	3
915	595	4	1998	2	0	0	1	46	1	hispanic	3	7	7	2	3	29.9	3
915	595	5	1999	3	0	0	1	74	1	hispanic	3	7	7	2	3	29.9	3
915	595	6	2000	4	0	0	0	74	1	hispanic	3	7	7	2	3	29.9	3
915	560	3	1997	1	0	0	1	48	0	hispanic	3	7	7	2	3	29.9	3
915	560	4	1998	2	0	0	1	54	0	hispanic	3	7	7	2	3	29.9	3
915	560	5	1999	3	0	0	0	56	0	hispanic	3	7	7	2	3	29.9	3
915	560	6	2000	4	0	0	1	62	0	hispanic	3	7	7	2	3	29.9	3
915	516	6	1994	1	0	0		36	1	hispanic	3	1	1	2	3	29.9	3
915	466	5	1994	1	0	0	0	50	1	hispanic	3	2	2	2	3	29.9	3
915	466	6	1995	2	0	0	0	59	1	hispanic	3	2	2	2	3	29.9	3
915	397	3	1994	1	0	0	1	80	0	white	1	4	4	2	3	29.9	1
915	397	4	1995	2	0	0		70	0	white	1	4	4	2	3	29.9	1
915	397	6	1997	4	0	0		85	0	white	1	4	4	2	3	29.9	1
915	346	5	1997	1	0	0	1	85	0	hispanic	3	5	5	2	3	29.9	3
915	346	6	1998	2	0	0	1	90	0	hispanic	3	5	5	2	3	29.9	3
915	301	3	1994	1	0	0	1	76	1	hispanic	3	4	4	2	3	29.9	3
915	301	4	1995	2	0	1	1	81	1	hispanic	3	4	4	2	3	29.9	3
915	301	6	1997	4	0	0	1	90	1	hispanic	3	4	4	2	3	29.9	3
915	298	3	1995	1	0	0	1	15	0	hispanic	3	5	5	2	3	29.9	3
915	290	3	1994	1	0	0	1	37	1	hispanic	3	4	4	2	3	29.9	3
915	290	6	1997	4	0	1	1	69	1	hispanic	3	4	4	2	3	29.9	3
915	227	6	1995	1	0	0	0	91	0	white	1	2	2	2	3	29.9	1
915	197	3	1994	1	0	0	0	35	1	white	1	4	4	2	3	29.9	1
915	145	5	1994	1	0	0	1	44	1	hispanic	3	2	2	2	3	29.9	3
915	145	6	1995	2	0	0	1	46	1	hispanic	3	2	2	2	3	29.9	3
915	87	3	1997	1	0	0	1	63	1	hispanic	3	7	7	2	3	29.9	3
915	87	4	1998	2	0	0	1	78	1	hispanic	3	7	7	2	3	29.9	3
915	87	5	1999	3	0	0	1	78	1	hispanic	3	7	7	2	3	29.9	3
915	87	6	2000	4	0	0	0	81	1	hispanic	3	7	7	2	3	29.9	3
915	82	6	1997	1	0	0	1	75	0	hispanic	3	4	4	2	3	29.9	3
857	945	5	1994	1	0	0	0	88	1	white	1	2	2	2	0	36.5	1
857	945	6	1995	2	0	0	0	89	1	white	1	2	2	2	0	36.5	1
857	879	3	1997	1	0	0	1	76	0	black	2	7	7	2	0	36.5	2
857	879	4	1998	2	0	0	1	67	0	black	2	7	7	2	0	36.5	2
857	879	5	1999	3	0	0	1	70	0	black	2	7	7	2	0	36.5	2
857	860	4	1996	1	0	0	1	51	0	black	2	5	5	2	0	36.5	2
857	860	5	1997	2	0	1	1	85	0	black	2	5	5	2	0	36.5	2
857	860	6	1998	3	0	0	1	79	0	black	2	5	5	2	0	36.5	2
857	756	3	1994	1	0	0	1	45	1	hispanic	3	4	4	2	0	36.5	3
857	756	4	1995	2	0	0	1	61	1	hispanic	3	4	4	2	0	36.5	3
857	756	5	1996	3	0	0	1	66	1	hispanic	3	4	4	2	0	36.5	3
857	756	6	1997	4	0	1	1	72	1	hispanic	3	4	4	2	0	36.5	3
857	709	3	1998	1	0	0	1	79	0	hispanic	3	8	8	2	0	36.5	3
857	709	4	1999	2	0	1		68	0	hispanic	3	8	8	2	0	36.5	3
857	709	5	2000	3	0	1	1	67	0	hispanic	3	8	8	2	0	36.5	3
857	693	3	1996	1	0	0	0	70	0	black	2	6	6	2	0	36.5	2
857	693	4	1997	2	0	0	0	79	0	black	2	6	6	2	0	36.5	2
857	693	5	1998	3	0	0		82	0	black	2	6	6	2	0	36.5	2
857	693	6	1999	4	0	0		79	0	black	2	6	6	2	0	36.5	2
857	648	3	1999	1	0	0	1	78	1	black	2	9	9	2	0	36.5	2
857	648	4	2000	2	0	0	1	58	1	black	2	9	9	2	0	36.5	2
857	579	3	1997	1	0	0		91	1	other	4	7	7	2	0	36.5	4
857	579	4	1998	2	0	1	0	83	1	other	4	7	7	2	0	36.5	4
857	579	5	1999	3	0	0	0	88	1	other	4	7	7	2	0	36.5	4
857	579	6	2000	4	0	1	0	89	1	other	4	7	7	2	0	36.5	4
857	571	5	1994	1	0	0	0	78	0	hispanic	3	2	2	2	0	36.5	3
857	571	6	1995	2	0	0	0	80	0	hispanic	3	2	2	2	0	36.5	3
857	503	3	1994	1	0	0	1	58	1	black	2	4	4	2	0	36.5	2
857	503	4	1995	2	0	1	1	63	1	black	2	4	4	2	0	36.5	2
857	503	5	1996	3	0	0	0	68	1	black	2	4	4	2	0	36.5	2
857	503	6	1997	4	0	1	1	75	1	black	2	4	4	2	0	36.5	2
857	314	6	1994	1	0	0	1	89	0	black	2	1	1	2	0	36.5	2
857	299	6	1995	1	0	0	1	43	1	hispanic	3	2	2	2	0	36.5	3
857	273	3	1996	1	0	0	1	68	0	black	2	6	6	2	0	36.5	2
857	273	4	1997	2	0	0	1	77	0	black	2	6	6	2	0	36.5	2
857	273	5	1998	3	0	0	1	73	0	black	2	6	6	2	0	36.5	2
857	273	6	1999	4	0	1	1	82	0	black	2	6	6	2	0	36.5	2
857	263	3	1996	1	0	0	1	65	1	black	2	6	6	2	0	36.5	2
857	263	4	1997	2	0	0	1	53	1	black	2	6	6	2	0	36.5	2
857	263	5	1998	3	0	0	1	41	1	black	2	6	6	2	0	36.5	2
857	263	6	1999	4	0	1	0	83	1	black	2	6	6	2	0	36.5	2
857	230	4	1994	1	0	0		81	0	hispanic	3	3	3	2	0	36.5	3
857	230	6	1996	3	0	0	1	87	0	hispanic	3	3	3	2	0	36.5	3
857	211	6	1994	1	0	0	0	72	1	white	1	1	1	2	0	36.5	1
857	199	3	1994	1	0	0	1	78	0	hispanic	3	4	4	2	0	36.5	3
857	199	4	1995	2	0	0	1	85	0	hispanic	3	4	4	2	0	36.5	3
857	199	6	1997	4	0	0	1	79	0	hispanic	3	4	4	2	0	36.5	3
857	184	3	1994	1	0	0	1	70	1	hispanic	3	4	4	2	0	36.5	3
857	184	4	1995	2	0	0		68	1	hispanic	3	4	4	2	0	36.5	3
857	184	5	1996	3	0	0	1	59	1	hispanic	3	4	4	2	0	36.5	3
857	184	6	1997	4	0	0	1	85	1	hispanic	3	4	4	2	0	36.5	3
857	116	4	1994	1	0	0	0	76	0	black	2	3	3	2	0	36.5	2
857	116	5	1995	2	0	1	0	80	0	black	2	3	3	2	0	36.5	2
857	116	6	1996	3	0	0	1	88	0	black	2	3	3	2	0	36.5	2
857	34	3	1997	1	0	0	1	84	1	black	2	7	7	2	0	36.5	2
857	34	4	1998	2	0	0	1	84	1	black	2	7	7	2	0	36.5	2
857	34	5	1999	3	0	1	1	85	1	black	2	7	7	2	0	36.5	2
857	34	6	2000	4	0	0	1	84	1	black	2	7	7	2	0	36.5	2
806	1005	3	1994	1	0	0	1	50	0	black	2	4	5	3	1	32	2
806	1005	3	1995	2	1	0	1	62	0	black	2	4	5	3	1	32	2
806	1005	4	1996	3	0	0	1	70	0	black	2	4	5	3	1	32	2
806	1005	5	1997	4	0	0	1	80	0	black	2	4	5	3	1	32	2
806	838	3	1999	1	0	0		63	0	hispanic	3	9	9	3	1	32	3
806	838	4	2000	2	0	0	1	79	0	hispanic	3	9	9	3	1	32	3
806	786	3	1998	1	0	0	1	77	1	black	2	8	8	3	1	32	2
806	786	4	1999	2	0	0	1	88	1	black	2	8	8	3	1	32	2
806	786	5	2000	3	0	0	1	93	1	black	2	8	8	3	1	32	2
806	671	4	2000	1	0	0	1	78	1	black	2	9	9	3	1	32	2
806	659	3	1999	1	0	0	1	76	0	black	2	9	9	3	1	32	2
806	659	4	2000	2	0	0	1	78	0	black	2	9	9	3	1	32	2
806	646	3	1998	1	0	0	1	36	1	black	2	8	8	3	1	32	2
806	646	5	2000	3	0	1	1	51	1	black	2	8	8	3	1	32	2
806	610	3	2000	1	0	0	1	81	0	black	2	10	10	3	1	32	2
806	586	3	2000	1	0	0	1	43	1	black	2	10	10	3	1	32	2
806	495	5	1994	1	0	0	0	60	1	black	2	2	2	3	1	32	2
806	495	6	1995	2	0	1	1	55	1	black	2	2	2	3	1	32	2
806	470	4	1994	1	0	0	1	44	0	black	2	3	3	3	1	32	2
806	470	5	1995	2	0	0	1	39	0	black	2	3	3	3	1	32	2
806	470	6	1996	3	0	0	1	49	0	black	2	3	3	3	1	32	2
806	435	4	1994	1	0	0	1	68	0	black	2	3	3	3	1	32	2
806	435	5	1995	2	0	0	1	85	0	black	2	3	3	3	1	32	2
806	435	6	1996	3	0	0	1	85	0	black	2	3	3	3	1	32	2
806	409	3	1994	1	0	0	1	37	1	black	2	4	4	3	1	32	2
806	409	4	1995	2	0	0	1	72	1	black	2	4	4	3	1	32	2
806	409	5	1996	3	0	0	1	73	1	black	2	4	4	3	1	32	2
806	409	6	1997	4	0	0	1	68	1	black	2	4	4	3	1	32	2
806	377	4	1994	1	0	0	1	79	0	black	2	3	3	3	1	32	2
806	377	5	1995	2	0	0	1	82	0	black	2	3	3	3	1	32	2
806	267	3	1996	1	0	0	1	72	0	black	2	6	6	3	1	32	2
806	267	4	1997	2	0	0	1	58	0	black	2	6	6	3	1	32	2
806	267	5	1998	3	0	0	1	67	0	black	2	6	6	3	1	32	2
806	267	6	1999	4	0	1	1	79	0	black	2	6	6	3	1	32	2
806	244	4	1998	1	0	0	1	40	0	hispanic	3	7	7	3	1	32	3
806	244	5	1999	2	0	0	1	56	0	hispanic	3	7	7	3	1	32	3
806	244	6	2000	3	0	0		60	0	hispanic	3	7	7	3	1	32	3
806	177	6	1994	1	0	0		78	1	black	2	1	1	3	1	32	2
806	136	4	1994	1	0	0	1	76	1	black	2	3	3	3	1	32	2
806	136	6	1996	3	0	1	1	55	1	black	2	3	3	3	1	32	2
806	56	3	1995	1	0	0	1	75	1	black	2	5	6	3	1	32	2
806	56	3	1996	2	1	0	1	86	1	black	2	5	6	3	1	32	2
806	56	4	1997	3	0	0	1	89	1	black	2	5	6	3	1	32	2
806	56	5	1998	4	0	1	1	91	1	black	2	5	6	3	1	32	2
806	56	6	1999	5	0	0	1	91	1	black	2	5	6	3	1	32	2
806	45	3	1995	1	0	0	1	22	0	black	2	5	5	3	1	32	2
806	45	4	1996	2	0	0	1	39	0	black	2	5	5	3	1	32	2
806	45	5	1997	3	0	1	1	37	0	black	2	5	5	3	1	32	2
806	45	6	1998	4	0	1	1	41	0	black	2	5	5	3	1	32	2
806	32	3	1994	1	0	0	1	45	0	black	2	4	4	3	1	32	2
806	32	4	1995	2	0	0	1	66	0	black	2	4	4	3	1	32	2
745	936	3	1996	1	0	0	0	63	1	white	1	6	6	2	0	26.2	1
745	936	4	1997	2	0	0	0	63	1	white	1	6	6	2	0	26.2	1
745	936	5	1998	3	0	1	0	74	1	white	1	6	6	2	0	26.2	1
745	936	6	1999	4	0	0		87	1	white	1	6	6	2	0	26.2	1
745	868	3	1997	1	0	0	1	86	1	hispanic	3	7	7	2	0	26.2	3
745	868	4	1998	2	0	0	1	86	1	hispanic	3	7	7	2	0	26.2	3
745	868	5	1999	3	0	1		92	1	hispanic	3	7	7	2	0	26.2	3
745	868	6	2000	4	0	0		88	1	hispanic	3	7	7	2	0	26.2	3
745	795	4	1994	1	0	0		43	0	black	2	3	4	2	0	26.2	2
745	795	5	1995	2	0	1	1	40	0	black	2	3	4	2	0	26.2	2
745	795	5	1996	3	1	1	1	64	0	black	2	3	4	2	0	26.2	2
745	795	6	1997	4	0	1	1	73	0	black	2	3	4	2	0	26.2	2
745	650	3	1994	1	0	0	0	78	1	white	1	4	4	2	0	26.2	1
745	650	4	1995	2	0	0	0	87	1	white	1	4	4	2	0	26.2	1
745	650	5	1996	3	0	0	0	73	1	white	1	4	4	2	0	26.2	1
745	650	6	1997	4	0	0	0	85	1	white	1	4	4	2	0	26.2	1
745	611	3	2000	1	0	0	0	86	0	white	1	10	10	2	0	26.2	1
745	554	3	1994	1	0	0	0	82	0	white	1	4	4	2	0	26.2	1
745	554	4	1995	2	0	0		81	0	white	1	4	4	2	0	26.2	1
745	554	5	1996	3	0	0		83	0	white	1	4	4	2	0	26.2	1
745	554	6	1997	4	0	0		86	0	white	1	4	4	2	0	26.2	1
745	517	5	1994	1	0	0		65	0	black	2	2	2	2	0	26.2	2
745	476	4	1994	1	0	0	0	81	1	black	2	3	3	2	0	26.2	2
745	476	5	1995	2	0	1		75	1	black	2	3	3	2	0	26.2	2
745	476	6	1996	3	0	0	1	85	1	black	2	3	3	2	0	26.2	2
745	462	3	1995	1	0	0	0	73	0	black	2	5	5	2	0	26.2	2
745	462	4	1996	2	0	0		81	0	black	2	5	5	2	0	26.2	2
745	462	5	1997	3	0	0	1	84	0	black	2	5	5	2	0	26.2	2
745	462	6	1998	4	0	0		88	0	black	2	5	5	2	0	26.2	2
745	421	3	1994	1	0	0	0	80	0	white	1	4	4	2	0	26.2	1
745	421	4	1995	2	0	0	0	88	0	white	1	4	4	2	0	26.2	1
745	348	3	1995	1	0	0	0	42	0	black	2	5	5	2	0	26.2	2
745	294	3	1995	1	0	0		79	1	white	1	5	5	2	0	26.2	1
745	294	4	1996	2	0	0		87	1	white	1	5	5	2	0	26.2	1
745	294	5	1997	3	0	0		85	1	white	1	5	5	2	0	26.2	1
745	294	6	1998	4	0	0		86	1	white	1	5	5	2	0	26.2	1
745	240	3	1994	1	0	0	0	80	1	white	1	4	4	2	0	26.2	1
745	240	4	1995	2	0	0	0	81	1	white	1	4	4	2	0	26.2	1
745	240	5	1996	3	0	0	0	81	1	white	1	4	4	2	0	26.2	1
745	240	6	1997	4	0	0	0	86	1	white	1	4	4	2	0	26.2	1
745	220	4	1994	1	0	0	0	71	1	black	2	3	3	2	0	26.2	2
745	220	5	1995	2	0	0	0	49	1	black	2	3	3	2	0	26.2	2
745	193	3	1996	1	0	0		77	1	hispanic	3	6	6	2	0	26.2	3
745	193	4	1997	2	0	0		87	1	hispanic	3	6	6	2	0	26.2	3
745	193	5	1998	3	0	0		90	1	hispanic	3	6	6	2	0	26.2	3
745	193	6	1999	4	0	0	0	92	1	hispanic	3	6	6	2	0	26.2	3
745	180	3	1994	1	0	0	0	82	0	white	1	4	4	2	0	26.2	1
745	180	4	1995	2	0	0	0	89	0	white	1	4	4	2	0	26.2	1
745	180	5	1996	3	0	0	0	81	0	white	1	4	4	2	0	26.2	1
745	180	6	1997	4	0	0		86	0	white	1	4	4	2	0	26.2	1
745	173	3	1997	1	0	0	1	88	1	black	2	7	7	2	0	26.2	2
745	173	4	1998	2	0	0	1	87	1	black	2	7	7	2	0	26.2	2
745	173	5	1999	3	0	0	1	91	1	black	2	7	7	2	0	26.2	2
745	173	6	2000	4	0	0		89	1	black	2	7	7	2	0	26.2	2
745	157	5	1994	1	0	0	0	53	0	black	2	2	2	2	0	26.2	2
745	113	3	1994	1	0	0	0	39	1	white	1	4	4	2	0	26.2	1
745	113	6	1997	4	0	0	0	56	1	white	1	4	4	2	0	26.2	1
745	15	3	1996	1	0	0		77	1	other	5	6	6	2	0	26.2	4
745	15	4	1997	2	0	0		89	1	other	5	6	6	2	0	26.2	4
745	15	5	1998	3	0	0		90	1	other	5	6	6	2	0	26.2	4
745	15	6	1999	4	0	0		91	1	other	5	6	6	2	0	26.2	4
694	1000	4	1994	1	0	0	0	44	0	white	1	3	3	1	1	54.9	1
694	1000	5	1995	2	0	1	0	65	0	white	1	3	3	1	1	54.9	1
694	1000	6	1996	3	0	0		80	0	white	1	3	3	1	1	54.9	1
694	984	3	1995	1	0	0	0	64	1	black	2	5	5	1	1	54.9	2
694	984	4	1996	2	0	1	1	85	1	black	2	5	5	1	1	54.9	2
694	984	5	1997	3	0	1	1	46	1	black	2	5	5	1	1	54.9	2
694	984	6	1998	4	0	0	1	60	1	black	2	5	5	1	1	54.9	2
694	844	6	2000	1	0	0	1	75	1	hispanic	3	7	7	1	1	54.9	3
694	828	3	1998	1	0	0	1	52	1	hispanic	3	8	8	1	1	54.9	3
694	828	5	2000	3	0	0	1	76	1	hispanic	3	8	8	1	1	54.9	3
694	817	4	1994	1	0	0		68	0	hispanic	3	3	3	1	1	54.9	3
694	817	6	1996	3	0	1	1	86	0	hispanic	3	3	3	1	1	54.9	3
694	623	3	1999	1	0	0	1	80	1	black	2	9	9	1	1	54.9	2
694	623	4	2000	2	0	0	0	90	1	black	2	9	9	1	1	54.9	2
694	609	3	1997	1	0	0	0	78	0	white	1	7	7	1	1	54.9	1
694	605	4	1995	1	0	0	1	69	1	black	2	4	5	1	1	54.9	2
694	605	4	1996	2	1	0	1	87	1	black	2	4	5	1	1	54.9	2
694	605	5	1997	3	0	0	1	78	1	black	2	4	5	1	1	54.9	2
694	605	6	1998	4	0	0	1	77	1	black	2	4	5	1	1	54.9	2
694	574	3	1998	1	0	0	0	81	1	white	1	8	8	1	1	54.9	1
694	574	4	1999	2	0	1	0	88	1	white	1	8	8	1	1	54.9	1
694	574	5	2000	3	0	0	0	75	1	white	1	8	8	1	1	54.9	1
694	550	4	1996	1	0	0	1	39	0	black	2	5	6	1	1	54.9	2
694	550	4	1997	2	1	1	1	58	0	black	2	5	6	1	1	54.9	2
694	550	5	1998	3	0	0	1	54	0	black	2	5	6	1	1	54.9	2
694	550	6	1999	4	0	0	0	76	0	black	2	5	6	1	1	54.9	2
694	531	3	1998	1	0	0	1	70	1	black	2	8	8	1	1	54.9	2
694	531	4	1999	2	0	0	1	80	1	black	2	8	8	1	1	54.9	2
694	531	5	2000	3	0	0	1	87	1	black	2	8	8	1	1	54.9	2
694	426	4	1995	1	0	0	0	70	1	white	1	4	4	1	1	54.9	1
694	426	5	1996	2	0	0	0	81	1	white	1	4	4	1	1	54.9	1
694	426	6	1997	3	0	0	0	72	1	white	1	4	4	1	1	54.9	1
694	403	3	1994	1	0	0		84	0	white	1	4	4	1	1	54.9	1
694	403	4	1995	2	0	0		68	0	white	1	4	4	1	1	54.9	1
694	403	5	1996	3	0	1		56	0	white	1	4	4	1	1	54.9	1
694	403	6	1997	4	0	0		76	0	white	1	4	4	1	1	54.9	1
694	343	3	1995	1	0	0	1	64	0	hispanic	3	5	5	1	1	54.9	3
694	343	6	1998	4	0	1	0	76	0	hispanic	3	5	5	1	1	54.9	3
694	342	6	1998	1	0	0	1	59	0	black	2	5	5	1	1	54.9	2
694	310	5	1997	1	0	0	1	86	0	hispanic	3	5	5	1	1	54.9	3
694	310	6	1998	2	0	1	1	89	0	hispanic	3	5	5	1	1	54.9	3
694	152	3	1995	1	0	0	1	37	0	hispanic	3	5	6	1	1	54.9	3
694	152	3	1996	2	1	0	1	86	0	hispanic	3	5	6	1	1	54.9	3
694	152	4	1997	3	0	1	1	63	0	hispanic	3	5	6	1	1	54.9	3
694	152	5	1998	4	0	0	1	74	0	hispanic	3	5	6	1	1	54.9	3
694	152	6	1999	5	0	1		73	0	hispanic	3	5	6	1	1	54.9	3
694	149	5	1998	1	0	0	1	78	0	black	2	6	6	1	1	54.9	2
694	149	6	1999	2	0	0	1	82	0	black	2	6	6	1	1	54.9	2
694	51	6	1998	1	0	0	1	82	1	hispanic	3	5	5	1	1	54.9	3
694	11	4	1994	1	0	0		88	0	hispanic	3	3	3	1	1	54.9	3
694	11	6	1996	3	0	1	1	85	0	hispanic	3	3	3	1	1	54.9	3
647	935	6	2000	1	0	0	1	89	0	hispanic	3	7	7	2	0	49	3
647	924	4	1998	1	0	0	1	91	0	hispanic	3	7	7	2	0	49	3
647	924	5	1999	2	0	0	1	85	0	hispanic	3	7	7	2	0	49	3
647	924	6	2000	3	0	0	1	89	0	hispanic	3	7	7	2	0	49	3
647	895	3	1998	1	0	0	1	93	0	hispanic	3	8	8	2	0	49	3
647	895	4	1999	2	0	0	1	84	0	hispanic	3	8	8	2	0	49	3
647	895	5	2000	3	0	0	1	90	0	hispanic	3	8	8	2	0	49	3
647	824	6	1998	1	0	0	1	89	0	hispanic	3	5	5	2	0	49	3
647	807	3	1997	1	0	0		78	0	hispanic	3	7	7	2	0	49	3
647	807	4	1998	2	0	0	1	75	0	hispanic	3	7	7	2	0	49	3
647	807	5	1999	3	0	0	0	79	0	hispanic	3	7	7	2	0	49	3
647	807	6	2000	4	0	0	0	86	0	hispanic	3	7	7	2	0	49	3
647	672	6	1999	1	0	0	0	86	1	hispanic	3	6	6	2	0	49	3
647	539	4	2000	1	0	0	1	79	1	hispanic	3	9	9	2	0	49	3
647	530	4	2000	1	0	0	1	82	0	hispanic	3	9	9	2	0	49	3
647	499	3	1995	1	0	0		71	0	white	1	5	5	2	0	49	1
647	499	4	1996	2	0	1		87	0	white	1	5	5	2	0	49	1
647	499	5	1997	3	0	0		86	0	white	1	5	5	2	0	49	1
647	499	6	1998	4	0	0	0	84	0	white	1	5	5	2	0	49	1
647	473	4	1994	1	0	0	1	36	1	black	2	3	3	2	0	49	2
647	473	5	1995	2	0	1	1	52	1	black	2	3	3	2	0	49	2
647	473	6	1996	3	0	0	1	59	1	black	2	3	3	2	0	49	2
647	407	4	1995	1	0	0	1	56	1	hispanic	3	4	4	2	0	49	3
647	407	6	1997	3	0	1	1	56	1	hispanic	3	4	4	2	0	49	3
647	364	3	1994	1	0	0	1	82	0	hispanic	3	4	4	2	0	49	3
647	364	4	1995	2	0	0	1	81	0	hispanic	3	4	4	2	0	49	3
647	364	5	1996	3	0	0	1	87	0	hispanic	3	4	4	2	0	49	3
647	364	6	1997	4	0	0	1	76	0	hispanic	3	4	4	2	0	49	3
647	271	3	1994	1	0	0		76	1	white	1	4	4	2	0	49	1
647	271	4	1995	2	0	0	0	88	1	white	1	4	4	2	0	49	1
647	204	5	1998	1	0	0	1	41	0	hispanic	3	6	7	2	0	49	3
647	204	5	1999	2	1	0	1	56	0	hispanic	3	6	7	2	0	49	3
647	204	6	2000	3	0	0	1	67	0	hispanic	3	6	7	2	0	49	3
647	202	5	1998	1	0	0	1	86	0	hispanic	3	6	6	2	0	49	3
647	202	6	1999	2	0	0	1	89	0	hispanic	3	6	6	2	0	49	3
647	171	5	1995	1	0	0	0	87	0	white	1	3	3	2	0	49	1
647	171	6	1996	2	0	0	0	88	0	white	1	3	3	2	0	49	1
647	138	3	1994	1	0	0	0	82	0	white	1	4	4	2	0	49	1
647	138	4	1995	2	0	1	0	85	0	white	1	4	4	2	0	49	1
647	119	4	1994	1	0	0	1	91	1	hispanic	3	3	3	2	0	49	3
647	119	5	1995	2	0	1	1	92	1	hispanic	3	3	3	2	0	49	3
647	119	6	1996	3	0	0	1	89	1	hispanic	3	3	3	2	0	49	3
647	109	3	1995	1	0	0	0	64	0	hispanic	3	5	5	2	0	49	3
647	109	4	1996	2	0	0	0	66	0	hispanic	3	5	5	2	0	49	3
647	109	5	1997	3	0	0	0	70	0	hispanic	3	5	5	2	0	49	3
647	109	6	1998	4	0	0	0	78	0	hispanic	3	5	5	2	0	49	3
647	92	6	1994	1	0	0	0	82	1	white	1	1	1	2	0	49	1
599	847	3	1998	1	0	0	1	77	1	black	2	8	8	3	1	35.7	2
599	847	4	1999	2	0	0	1	91	1	black	2	8	8	3	1	35.7	2
599	847	5	2000	3	0	0	1	92	1	black	2	8	8	3	1	35.7	2
599	837	3	1998	1	0	0	1	69	0	black	2	8	8	3	1	35.7	2
599	801	4	1999	1	0	0	1	82	0	black	2	8	8	3	1	35.7	2
599	792	3	1997	1	0	0	1	82	1	black	2	7	7	3	1	35.7	2
599	792	4	1998	2	0	0	1	67	1	black	2	7	7	3	1	35.7	2
599	792	6	2000	4	0	1	1	62	1	black	2	7	7	3	1	35.7	2
599	760	3	1998	1	0	0	1	50	1	black	2	8	8	3	1	35.7	2
599	750	3	1996	1	0	0	1	70	1	black	2	6	6	3	1	35.7	2
599	750	4	1997	2	0	0	1	63	1	black	2	6	6	3	1	35.7	2
599	661	3	1999	1	0	0	0	63	1	black	2	9	9	3	1	35.7	2
599	661	4	2000	2	0	0	0	70	1	black	2	9	9	3	1	35.7	2
599	632	3	1995	1	0	0	0	79	1	black	2	5	5	3	1	35.7	2
599	632	4	1996	2	0	0	0	81	1	black	2	5	5	3	1	35.7	2
599	632	5	1997	3	0	0	0	82	1	black	2	5	5	3	1	35.7	2
599	617	3	1999	1	0	0	1	78	1	black	2	9	9	3	1	35.7	2
599	617	4	2000	2	0	0	1	83	1	black	2	9	9	3	1	35.7	2
599	573	3	2000	1	0	0	1	25	0	black	2	10	10	3	1	35.7	2
599	482	5	1994	1	0	0	1	75	0	black	2	2	2	3	1	35.7	2
599	482	6	1995	2	0	0	0	72	0	black	2	2	2	3	1	35.7	2
599	479	4	1994	1	0	0	0	53	1	black	2	3	3	3	1	35.7	2
599	479	5	1995	2	0	0	0	65	1	black	2	3	3	3	1	35.7	2
599	479	6	1996	3	0	0	1	68	1	black	2	3	3	3	1	35.7	2
599	386	3	1994	1	0	0	1	50	1	black	2	4	4	3	1	35.7	2
599	386	4	1995	2	0	0	0	44	1	black	2	4	4	3	1	35.7	2
599	386	5	1996	3	0	0	1	59	1	black	2	4	4	3	1	35.7	2
599	386	6	1997	4	0	0	1	66	1	black	2	4	4	3	1	35.7	2
599	360	4	1994	1	0	0	0	54	0	black	2	3	3	3	1	35.7	2
599	360	5	1995	2	0	0	1	52	0	black	2	3	3	3	1	35.7	2
599	338	3	1995	1	0	0	0	39	0	black	2	5	5	3	1	35.7	2
599	338	4	1996	2	0	0	0	48	0	black	2	5	5	3	1	35.7	2
599	338	5	1997	3	0	0	0	62	0	black	2	5	5	3	1	35.7	2
599	338	6	1998	4	0	0	0	69	0	black	2	5	5	3	1	35.7	2
599	334	3	1994	1	0	0	0	45	1	black	2	4	4	3	1	35.7	2
599	334	4	1995	2	0	0	0	63	1	black	2	4	4	3	1	35.7	2
599	334	5	1996	3	0	0	1	74	1	black	2	4	4	3	1	35.7	2
599	334	6	1997	4	0	0	1	77	1	black	2	4	4	3	1	35.7	2
599	292	3	1999	1	0	0	1	65	1	black	2	9	9	3	1	35.7	2
599	292	4	2000	2	0	0	1	68	1	black	2	9	9	3	1	35.7	2
599	254	5	1994	1	0	0	1	58	1	black	2	2	2	3	1	35.7	2
599	254	6	1995	2	0	0	0	45	1	black	2	2	2	3	1	35.7	2
599	228	5	1994	1	0	0	1	83	0	black	2	2	2	3	1	35.7	2
599	228	6	1995	2	0	0	1	72	0	black	2	2	2	3	1	35.7	2
599	61	3	1994	1	0	0	1	30	0	black	2	4	4	3	1	35.7	2
599	61	4	1995	2	0	1	1	48	0	black	2	4	4	3	1	35.7	2
599	61	5	1996	3	0	0	1	53	0	black	2	4	4	3	1	35.7	2
599	61	6	1997	4	0	0	1	59	0	black	2	4	4	3	1	35.7	2
540	890	3	1997	1	0	0	1	66	1	black	2	7	8	1	0	33.9	2
540	890	4	1998	2	0	0	1	33	1	black	2	7	8	1	0	33.9	2
540	890	4	1999	3	1	0	1	58	1	black	2	7	8	1	0	33.9	2
540	890	5	2000	4	0	0	1	57	1	black	2	7	8	1	0	33.9	2
540	876	4	1994	1	0	0	0	81	0	black	2	3	3	1	0	33.9	2
540	876	5	1995	2	0	0	0	75	0	black	2	3	3	1	0	33.9	2
540	876	6	1996	3	0	0		78	0	black	2	3	3	1	0	33.9	2
540	850	3	1995	1	0	0	1	79	0	black	2	5	5	1	0	33.9	2
540	850	4	1996	2	0	0		89	0	black	2	5	5	1	0	33.9	2
540	850	5	1997	3	0	1	0	82	0	black	2	5	5	1	0	33.9	2
540	850	6	1998	4	0	0	1	79	0	black	2	5	5	1	0	33.9	2
540	813	3	1995	1	0	0	0	66	1	black	2	5	5	1	0	33.9	2
540	813	4	1996	2	0	0	1	81	1	black	2	5	5	1	0	33.9	2
540	813	6	1998	4	0	0	1	81	1	black	2	5	5	1	0	33.9	2
540	779	3	1997	1	0	0	1	64	1	black	2	7	8	1	0	33.9	2
540	779	4	1998	2	0	0	1	46	1	black	2	7	8	1	0	33.9	2
540	779	4	1999	3	1	0	1	59	1	black	2	7	8	1	0	33.9	2
540	779	5	2000	4	0	0	1	66	1	black	2	7	8	1	0	33.9	2
540	726	3	1996	1	0	0	1	75	0	hispanic	3	6	6	1	0	33.9	3
540	726	4	1997	2	0	0	1	81	0	hispanic	3	6	6	1	0	33.9	3
540	726	5	1998	3	0	1		78	0	hispanic	3	6	6	1	0	33.9	3
540	726	6	1999	4	0	0		81	0	hispanic	3	6	6	1	0	33.9	3
540	590	4	2000	1	0	0	1	68	1	hispanic	3	9	9	1	0	33.9	3
540	558	3	2000	1	0	0	1	90	1	hispanic	3	10	10	1	0	33.9	3
540	490	4	1994	1	0	0	1	69	1	black	2	3	3	1	0	33.9	2
540	490	5	1995	2	0	0	0	71	1	black	2	3	3	1	0	33.9	2
540	490	6	1996	3	0	0	1	74	1	black	2	3	3	1	0	33.9	2
540	486	5	1994	1	0	0		86	1	hispanic	3	2	2	1	0	33.9	3
540	486	6	1995	2	0	0		78	1	hispanic	3	2	2	1	0	33.9	3
540	484	4	1995	1	0	0		30	0	black	2	3	3	1	0	33.9	2
540	484	6	1996	2	0	1	1	26	0	black	2	3	3	1	0	33.9	2
540	459	4	1994	1	0	0	1	76	0	black	2	3	3	1	0	33.9	2
540	459	5	1995	2	0	0	1	73	0	black	2	3	3	1	0	33.9	2
540	459	6	1996	3	0	1	1	79	0	black	2	3	3	1	0	33.9	2
540	451	4	1994	1	0	0	0	49	0	black	2	3	3	1	0	33.9	2
540	451	5	1995	2	0	0	0	60	0	black	2	3	3	1	0	33.9	2
540	451	6	1996	3	0	0	1	59	0	black	2	3	3	1	0	33.9	2
540	417	3	1997	1	0	0	1	74	0	black	2	7	7	1	0	33.9	2
540	417	4	1998	2	0	0	1	83	0	black	2	7	7	1	0	33.9	2
540	417	5	1999	3	0	0		76	0	black	2	7	7	1	0	33.9	2
540	417	6	2000	4	0	0		75	0	black	2	7	7	1	0	33.9	2
540	330	3	1994	1	0	0	0	74	0	black	2	4	4	1	0	33.9	2
540	330	4	1995	2	0	0	1	88	0	black	2	4	4	1	0	33.9	2
540	330	5	1996	3	0	0	1	81	0	black	2	4	4	1	0	33.9	2
540	330	6	1997	4	0	0	1	83	0	black	2	4	4	1	0	33.9	2
540	251	3	1994	1	0	0	1	24	0	black	2	4	4	1	0	33.9	2
540	251	4	1995	2	0	0	1	48	0	black	2	4	4	1	0	33.9	2
540	251	5	1996	3	0	0	1	53	0	black	2	4	4	1	0	33.9	2
540	213	3	1995	1	0	0	0	28	0	black	2	5	5	1	0	33.9	2
540	213	5	1997	3	0	0	1	28	0	black	2	5	5	1	0	33.9	2
540	213	6	1998	4	0	0	1	53	0	black	2	5	5	1	0	33.9	2
540	166	6	1997	1	0	0		58	1	black	2	4	4	1	0	33.9	2
540	140	3	1997	1	0	0	1	88	1	black	2	7	7	1	0	33.9	2
540	140	4	1998	2	0	0	1	90	1	black	2	7	7	1	0	33.9	2
540	140	5	1999	3	0	0	1	91	1	black	2	7	7	1	0	33.9	2
540	140	6	2000	4	0	0	1	90	1	black	2	7	7	1	0	33.9	2
540	26	3	1994	1	0	0	1	80	0	black	2	4	4	1	0	33.9	2
540	26	4	1995	2	0	0	1	89	0	black	2	4	4	1	0	33.9	2
540	26	6	1997	4	0	1		87	0	black	2	4	4	1	0	33.9	2
494	947	3	1996	1	0	0	0	68	0	white	1	6	6	3	0	31.2	1
494	947	4	1997	2	0	0		83	0	white	1	6	6	3	0	31.2	1
494	947	5	1998	3	0	0	0	84	0	white	1	6	6	3	0	31.2	1
494	947	6	1999	4	0	0		86	0	white	1	6	6	3	0	31.2	1
494	745	5	1998	1	0	0	1	90	1	hispanic	3	6	6	3	0	31.2	3
494	745	6	1999	2	0	0	1	75	1	hispanic	3	6	6	3	0	31.2	3
494	738	3	1995	1	0	0		51	1	black	2	5	5	3	0	31.2	2
494	738	4	1996	2	0	0		51	1	black	2	5	5	3	0	31.2	2
494	738	5	1997	3	0	0		62	1	black	2	5	5	3	0	31.2	2
494	738	6	1998	4	0	0		76	1	black	2	5	5	3	0	31.2	2
494	683	3	1999	1	0	0	1	84	0	hispanic	3	9	9	3	0	31.2	3
494	683	4	2000	2	0	0	1	90	0	hispanic	3	9	9	3	0	31.2	3
494	673	3	1999	1	0	0	1	86	1	hispanic	3	9	9	3	0	31.2	3
494	673	4	2000	2	0	0	1	90	1	hispanic	3	9	9	3	0	31.2	3
494	577	3	1998	1	0	0	1	25	0	black	2	8	9	3	0	31.2	2
494	577	3	1999	2	1	1	1	61	0	black	2	8	9	3	0	31.2	2
494	534	4	1995	1	0	0	1	89	1	hispanic	3	4	4	3	0	31.2	3
494	534	5	1996	2	0	0	1	85	1	hispanic	3	4	4	3	0	31.2	3
494	534	6	1997	3	0	0	1	87	1	hispanic	3	4	4	3	0	31.2	3
494	524	4	1998	1	0	0	1	83	0	black	2	7	7	3	0	31.2	2
494	524	5	1999	2	0	1	1	78	0	black	2	7	7	3	0	31.2	2
494	524	6	2000	3	0	0	1	84	0	black	2	7	7	3	0	31.2	2
494	514	6	1994	1	0	0	1	69	0	black	2	1	1	3	0	31.2	2
494	432	4	1994	1	0	0	0	53	0	black	2	3	3	3	0	31.2	2
494	432	5	1995	2	0	0		69	0	black	2	3	3	3	0	31.2	2
494	432	6	1996	3	0	0		79	0	black	2	3	3	3	0	31.2	2
494	390	4	1994	1	0	0	0	79	0	white	1	3	3	3	0	31.2	1
494	390	5	1995	2	0	0	0	78	0	white	1	3	3	3	0	31.2	1
494	390	6	1996	3	0	0	0	68	0	white	1	3	3	3	0	31.2	1
494	212	3	1995	1	0	0	1	49	1	white	1	5	5	3	0	31.2	1
494	198	6	1998	1	0	0		76	0	white	1	5	5	3	0	31.2	1
494	115	5	1995	1	0	0	1	90	0	hispanic	3	3	3	3	0	31.2	3
494	91	4	1994	1	0	0	1	78	0	hispanic	3	3	3	3	0	31.2	3
494	74	3	1994	1	0	0	0	63	1	other	4	4	4	3	0	31.2	4
494	74	4	1995	2	0	0	1	72	1	other	4	4	4	3	0	31.2	4
494	74	5	1996	3	0	0	1	67	1	other	4	4	4	3	0	31.2	4
494	74	6	1997	4	0	0	1	64	1	other	4	4	4	3	0	31.2	4
494	65	4	1994	1	0	0	1	56	1	black	2	3	3	3	0	31.2	2
494	65	5	1995	2	0	0	1	57	1	black	2	3	3	3	0	31.2	2
494	65	6	1996	3	0	0	1	49	1	black	2	3	3	3	0	31.2	2
494	49	5	1999	1	0	0	1	85	0	hispanic	3	7	7	3	0	31.2	3
494	49	6	2000	2	0	0	1	80	0	hispanic	3	7	7	3	0	31.2	3
494	42	5	1994	1	0	0	1	85	0	black	2	2	2	3	0	31.2	2
494	42	6	1995	2	0	0	1	85	0	black	2	2	2	3	0	31.2	2
494	13	5	1994	1	0	0	1	49	0	white	1	2	2	3	0	31.2	1
494	13	6	1995	2	0	0	1	48	0	white	1	2	2	3	0	31.2	1
441	992	3	1995	1	0	0	1	22	1	black	2	5	5	3	0	43.9	2
441	992	4	1996	2	0	0	1	27	1	black	2	5	5	3	0	43.9	2
441	992	5	1997	3	0	0	1	40	1	black	2	5	5	3	0	43.9	2
441	992	6	1998	4	0	0	1	32	1	black	2	5	5	3	0	43.9	2
441	967	3	1995	1	0	0	1	70	1	black	2	5	5	3	0	43.9	2
441	967	4	1996	2	0	0	1	84	1	black	2	5	5	3	0	43.9	2
441	967	5	1997	3	0	0	1	84	1	black	2	5	5	3	0	43.9	2
441	967	6	1998	4	0	0	1	79	1	black	2	5	5	3	0	43.9	2
441	927	3	1996	1	0	0	1	59	1	black	2	6	6	3	0	43.9	2
441	927	4	1997	2	0	0	1	83	1	black	2	6	6	3	0	43.9	2
441	927	5	1998	3	0	0	1	66	1	black	2	6	6	3	0	43.9	2
441	927	6	1999	4	0	0	1	78	1	black	2	6	6	3	0	43.9	2
441	884	3	1998	1	0	0	1	79	1	black	2	8	8	3	0	43.9	2
441	884	4	1999	2	0	0	1	73	1	black	2	8	8	3	0	43.9	2
441	872	4	2000	1	0	0	1	78	0	black	2	9	9	3	0	43.9	2
441	841	3	1999	1	0	0	1	37	0	hispanic	3	9	9	3	0	43.9	3
441	841	4	2000	2	0	0	1	64	0	hispanic	3	9	9	3	0	43.9	3
441	840	6	1999	1	0	0	1	70	0	hispanic	3	6	6	3	0	43.9	3
441	802	3	1999	1	0	0	1	84	1	black	2	9	9	3	0	43.9	2
441	716	3	1998	1	0	0	1	45	0	black	2	8	9	3	0	43.9	2
441	716	3	1999	2	1	0	1	25	0	black	2	8	9	3	0	43.9	2
441	644	3	1999	1	0	0	1	37	0	black	2	9	9	3	0	43.9	2
441	644	4	2000	2	0	0	1	53	0	black	2	9	9	3	0	43.9	2
441	615	3	1999	1	0	0		78	0	black	2	9	9	3	0	43.9	2
441	615	4	2000	2	0	0	0	88	0	black	2	9	9	3	0	43.9	2
441	527	4	1995	1	0	0		68	0	hispanic	3	4	4	3	0	43.9	3
441	527	5	1996	2	0	0		74	0	hispanic	3	4	4	3	0	43.9	3
441	527	6	1997	3	0	0		76	0	hispanic	3	4	4	3	0	43.9	3
441	493	5	1994	1	0	0	0	42	1	black	2	2	2	3	0	43.9	2
441	493	6	1995	2	0	0	1	66	1	black	2	2	2	3	0	43.9	2
441	383	4	1995	1	0	0	1	32	0	black	2	4	4	3	0	43.9	2
441	383	5	1996	2	0	1	1	66	0	black	2	4	4	3	0	43.9	2
441	383	6	1997	3	0	1	1	73	0	black	2	4	4	3	0	43.9	2
441	362	3	1995	1	0	0	1	26	1	black	2	5	5	3	0	43.9	2
441	362	4	1996	2	0	0	1	38	1	black	2	5	5	3	0	43.9	2
441	306	4	1994	1	0	0	0	69	1	black	2	3	3	3	0	43.9	2
441	306	5	1995	2	0	0	0	63	1	black	2	3	3	3	0	43.9	2
441	306	6	1996	3	0	0	1	76	1	black	2	3	3	3	0	43.9	2
441	247	3	1995	1	0	0	1	81	0	black	2	5	5	3	0	43.9	2
441	247	4	1996	2	0	0	1	87	0	black	2	5	5	3	0	43.9	2
441	247	5	1997	3	0	0	1	85	0	black	2	5	5	3	0	43.9	2
441	247	6	1998	4	0	1		89	0	black	2	5	5	3	0	43.9	2
441	124	3	1994	1	0	0	0	65	0	black	2	4	4	3	0	43.9	2
441	124	4	1995	2	0	0	0	79	0	black	2	4	4	3	0	43.9	2
441	124	5	1996	3	0	0	0	67	0	black	2	4	4	3	0	43.9	2
441	124	6	1997	4	0	0	0	81	0	black	2	4	4	3	0	43.9	2
441	78	3	1997	1	0	0	1	70	0	black	2	7	7	3	0	43.9	2
441	78	4	1998	2	0	0	1	77	0	black	2	7	7	3	0	43.9	2
441	78	5	1999	3	0	0	1	85	0	black	2	7	7	3	0	43.9	2
441	78	6	2000	4	0	0	1	78	0	black	2	7	7	3	0	43.9	2
441	19	4	1998	1	0	0	1	75	1	black	2	7	7	3	0	43.9	2
441	19	5	1999	2	0	0	1	78	1	black	2	7	7	3	0	43.9	2
441	19	6	2000	3	0	0	1	84	1	black	2	7	7	3	0	43.9	2
394	910	3	1994	1	0	0	0	93	0	white	1	4	4	3	1	53.1	1
394	910	4	1995	2	0	0	0	91	0	white	1	4	4	3	1	53.1	1
394	910	5	1996	3	0	0	0	93	0	white	1	4	4	3	1	53.1	1
394	910	6	1997	4	0	0	0	90	0	white	1	4	4	3	1	53.1	1
394	812	3	1998	1	0	0	1	70	1	black	2	8	8	3	1	53.1	2
394	806	3	2000	1	0	0	0	81	0	white	1	10	10	3	1	53.1	1
394	776	4	1994	1	0	0	0	86	0	white	1	3	3	3	1	53.1	1
394	776	5	1995	2	0	0	0	87	0	white	1	3	3	3	1	53.1	1
394	776	6	1996	3	0	0	0	90	0	white	1	3	3	3	1	53.1	1
394	761	3	1999	1	0	0	0	91	1	white	1	9	9	3	1	53.1	1
394	761	4	2000	2	0	0	0	87	1	white	1	9	9	3	1	53.1	1
394	699	3	1998	1	0	0	1	58	1	black	2	8	8	3	1	53.1	2
394	699	4	1999	2	0	1	1	70	1	black	2	8	8	3	1	53.1	2
394	699	5	2000	3	0	0	0	76	1	black	2	8	8	3	1	53.1	2
394	689	3	1996	1	0	0	1	80	1	hispanic	3	6	6	3	1	53.1	3
394	689	4	1997	2	0	0	1	91	1	hispanic	3	6	6	3	1	53.1	3
394	689	5	1998	3	0	0		93	1	hispanic	3	6	6	3	1	53.1	3
394	689	6	1999	4	0	1	1	90	1	hispanic	3	6	6	3	1	53.1	3
394	675	3	1997	1	0	0		93	0	white	1	7	7	3	1	53.1	1
394	675	4	1998	2	0	0	0	84	0	white	1	7	7	3	1	53.1	1
394	675	5	1999	3	0	0		87	0	white	1	7	7	3	1	53.1	1
394	654	3	1999	1	0	0	0	56	0	black	2	9	9	3	1	53.1	2
394	654	4	2000	2	0	0	1	80	0	black	2	9	9	3	1	53.1	2
394	599	3	1995	1	0	0	0	64	1	white	1	5	5	3	1	53.1	1
394	599	4	1996	2	0	0	0	77	1	white	1	5	5	3	1	53.1	1
394	599	5	1997	3	0	0	0	57	1	white	1	5	5	3	1	53.1	1
394	599	6	1998	4	0	0	0	86	1	white	1	5	5	3	1	53.1	1
394	569	3	2000	1	0	0	1	76	1	hispanic	3	10	10	3	1	53.1	3
394	497	5	1994	1	0	0	0	78	1	white	1	2	2	3	1	53.1	1
394	497	6	1995	2	0	0	0	78	1	white	1	2	2	3	1	53.1	1
394	371	3	1998	1	0	0	1	81	1	black	2	8	8	3	1	53.1	2
394	371	4	1999	2	0	0	1	82	1	black	2	8	8	3	1	53.1	2
394	371	5	2000	3	0	0	1	90	1	black	2	8	8	3	1	53.1	2
394	353	3	1994	1	0	0		78	0	black	2	4	4	3	1	53.1	2
394	353	4	1995	2	0	0		84	0	black	2	4	4	3	1	53.1	2
394	353	5	1996	3	0	0		81	0	black	2	4	4	3	1	53.1	2
394	353	6	1997	4	0	0		92	0	black	2	4	4	3	1	53.1	2
394	235	6	1999	1	0	0	1	80	1	hispanic	3	6	6	3	1	53.1	3
394	178	3	1998	1	0	0	1	75	0	black	2	8	8	3	1	53.1	2
394	178	4	1999	2	0	1	1	58	0	black	2	8	8	3	1	53.1	2
394	168	4	1994	1	0	0		86	1	hispanic	3	3	3	3	1	53.1	3
394	168	5	1995	2	0	0	1	85	1	hispanic	3	3	3	3	1	53.1	3
394	168	6	1996	3	0	0	1	89	1	hispanic	3	3	3	3	1	53.1	3
394	148	6	1994	1	0	0	0	83	1	white	1	1	1	3	1	53.1	1
394	135	3	1998	1	0	0	1	67	1	black	2	8	8	3	1	53.1	2
394	133	5	1994	1	0	0	0	88	1	white	1	2	2	3	1	53.1	1
394	133	6	1995	2	0	0	0	87	1	white	1	2	2	3	1	53.1	1
338	959	3	1998	1	0	0	1	91	1	black	2	8	8	2	2	45.7	2
338	959	4	1999	2	0	0	1	90	1	black	2	8	8	2	2	45.7	2
338	959	5	2000	3	0	0	1	93	1	black	2	8	8	2	2	45.7	2
338	955	3	1997	1	0	0	1	84	0	black	2	7	7	2	2	45.7	2
338	955	4	1998	2	0	0	1	83	0	black	2	7	7	2	2	45.7	2
338	955	5	1999	3	0	1	1	87	0	black	2	7	7	2	2	45.7	2
338	955	6	2000	4	0	0	1	91	0	black	2	7	7	2	2	45.7	2
338	916	3	1998	1	0	0	1	87	0	black	2	8	8	2	2	45.7	2
338	916	4	1999	2	0	0	1	86	0	black	2	8	8	2	2	45.7	2
338	916	5	2000	3	0	0	1	90	0	black	2	8	8	2	2	45.7	2
338	882	6	1997	1	0	0	1	58	1	black	2	4	5	2	2	45.7	2
338	882	6	1998	2	1	0	1	63	1	black	2	4	5	2	2	45.7	2
338	857	3	1998	1	0	0	1	89	0	black	2	8	8	2	2	45.7	2
338	857	4	1999	2	0	0	1	91	0	black	2	8	8	2	2	45.7	2
338	857	5	2000	3	0	0	1	93	0	black	2	8	8	2	2	45.7	2
338	830	3	1998	1	0	0	1	52	0	black	2	8	8	2	2	45.7	2
338	830	4	1999	2	0	0	1	83	0	black	2	8	8	2	2	45.7	2
338	830	5	2000	3	0	0	1	88	0	black	2	8	8	2	2	45.7	2
338	825	3	1998	1	0	0	1	87	1	black	2	8	8	2	2	45.7	2
338	825	4	1999	2	0	1	1	91	1	black	2	8	8	2	2	45.7	2
338	825	5	2000	3	0	0	1	88	1	black	2	8	8	2	2	45.7	2
338	816	3	2000	1	0	0	1	76	0	black	2	10	10	2	2	45.7	2
338	638	3	1998	1	0	0	1	87	0	black	2	8	8	2	2	45.7	2
338	638	4	1999	2	0	1	1	76	0	black	2	8	8	2	2	45.7	2
338	638	5	2000	3	0	0	1	82	0	black	2	8	8	2	2	45.7	2
338	628	3	1995	1	0	0	1	66	0	black	2	5	5	2	2	45.7	2
338	628	4	1996	2	0	0	1	83	0	black	2	5	5	2	2	45.7	2
338	628	5	1997	3	0	0	1	73	0	black	2	5	5	2	2	45.7	2
338	628	6	1998	4	0	1	1	77	0	black	2	5	5	2	2	45.7	2
338	591	3	1999	1	0	0	1	76	0	black	2	9	9	2	2	45.7	2
338	591	4	2000	2	0	0	1	71	0	black	2	9	9	2	2	45.7	2
338	559	3	2000	1	0	0	1	65	1	black	2	10	10	2	2	45.7	2
338	512	6	1994	1	0	0	0	78	0	black	2	1	1	2	2	45.7	2
338	448	4	1994	1	0	0	0	86	0	black	2	3	3	2	2	45.7	2
338	448	5	1995	2	0	0	0	76	0	black	2	3	3	2	2	45.7	2
338	448	6	1996	3	0	0	1	74	0	black	2	3	3	2	2	45.7	2
338	423	4	1994	1	0	0	0	73	1	black	2	3	3	2	2	45.7	2
338	423	5	1995	2	0	1	1	55	1	black	2	3	3	2	2	45.7	2
338	423	6	1996	3	0	0	1	87	1	black	2	3	3	2	2	45.7	2
338	236	3	1997	1	0	0	1	84	0	black	2	7	7	2	2	45.7	2
338	236	4	1998	2	0	0	1	83	0	black	2	7	7	2	2	45.7	2
338	236	5	1999	3	0	0	1	92	0	black	2	7	7	2	2	45.7	2
338	236	6	2000	4	0	0	1	87	0	black	2	7	7	2	2	45.7	2
338	222	3	1996	1	0	0	1	65	0	black	2	6	7	2	2	45.7	2
338	222	4	1997	2	0	0	1	63	0	black	2	6	7	2	2	45.7	2
338	222	4	1998	3	1	0	1	79	0	black	2	6	7	2	2	45.7	2
338	222	5	1999	4	0	0	1	81	0	black	2	6	7	2	2	45.7	2
338	222	6	2000	5	0	0	1	81	0	black	2	6	7	2	2	45.7	2
338	130	6	1994	1	0	0	1	68	0	black	2	1	1	2	2	45.7	2
338	98	4	1994	1	0	0	1	68	0	black	2	3	3	2	2	45.7	2
338	98	5	1995	2	0	0	1	63	0	black	2	3	3	2	2	45.7	2
338	98	6	1996	3	0	0	1	78	0	black	2	3	3	2	2	45.7	2
338	38	3	1997	1	0	0	1	86	0	black	2	7	7	2	2	45.7	2
338	38	4	1998	2	0	0	1	81	0	black	2	7	7	2	2	45.7	2
338	38	5	1999	3	0	0	1	83	0	black	2	7	7	2	2	45.7	2
338	38	6	2000	4	0	0	1	83	0	black	2	7	7	2	2	45.7	2
278	981	4	1996	1	0	0	1	54	0	black	2	5	5	2	2	40.8	2
278	981	5	1997	2	0	0	1	57	0	black	2	5	5	2	2	40.8	2
278	981	6	1998	3	0	0	1	69	0	black	2	5	5	2	2	40.8	2
278	906	3	1997	1	0	0	1	68	0	hispanic	3	7	7	2	2	40.8	3
278	906	4	1998	2	0	0	1	73	0	hispanic	3	7	7	2	2	40.8	3
278	906	5	1999	3	0	0	1	86	0	hispanic	3	7	7	2	2	40.8	3
278	906	6	2000	4	0	0	1	86	0	hispanic	3	7	7	2	2	40.8	3
278	865	3	1998	1	0	0	1	83	0	black	2	8	8	2	2	40.8	2
278	865	4	1999	2	0	0	1	79	0	black	2	8	8	2	2	40.8	2
278	865	5	2000	3	0	0	1	86	0	black	2	8	8	2	2	40.8	2
278	819	3	1997	1	0	0	1	88	1	hispanic	3	7	7	2	2	40.8	3
278	819	4	1998	2	0	0	1	91	1	hispanic	3	7	7	2	2	40.8	3
278	819	5	1999	3	0	0	1	91	1	hispanic	3	7	7	2	2	40.8	3
278	819	6	2000	4	0	0	1	90	1	hispanic	3	7	7	2	2	40.8	3
278	736	5	1999	1	0	0	1	82	1	hispanic	3	7	7	2	2	40.8	3
278	736	6	2000	2	0	0	1	82	1	hispanic	3	7	7	2	2	40.8	3
278	732	3	1994	1	0	0	0	63	1	black	2	4	4	2	2	40.8	2
278	732	4	1995	2	0	0	0	78	1	black	2	4	4	2	2	40.8	2
278	732	5	1996	3	0	0		88	1	black	2	4	4	2	2	40.8	2
278	732	6	1997	4	0	0		88	1	black	2	4	4	2	2	40.8	2
278	712	4	1994	1	0	0		89	1	white	1	3	3	2	2	40.8	1
278	712	5	1995	2	0	0	0	82	1	white	1	3	3	2	2	40.8	1
278	702	3	1995	1	0	0	1	64	0	black	2	5	5	2	2	40.8	2
278	702	4	1996	2	0	0	0	69	0	black	2	5	5	2	2	40.8	2
278	702	5	1997	3	0	0	0	69	0	black	2	5	5	2	2	40.8	2
278	702	6	1998	4	0	0	1	68	0	black	2	5	5	2	2	40.8	2
278	668	4	1994	1	0	0	0	88	0	white	1	3	3	2	2	40.8	1
278	668	5	1995	2	0	0		87	0	white	1	3	3	2	2	40.8	1
278	668	6	1996	3	0	0		83	0	white	1	3	3	2	2	40.8	1
278	664	3	1996	1	0	0		38	1	black	2	6	6	2	2	40.8	2
278	664	4	1997	2	0	0	1	47	1	black	2	6	6	2	2	40.8	2
278	664	5	1998	3	0	0	1	48	1	black	2	6	6	2	2	40.8	2
278	664	6	1999	4	0	0	1	55	1	black	2	6	6	2	2	40.8	2
278	635	3	1998	1	0	0	1	79	0	hispanic	3	8	8	2	2	40.8	3
278	635	4	1999	2	0	0	1	82	0	hispanic	3	8	8	2	2	40.8	3
278	635	5	2000	3	0	0	1	92	0	hispanic	3	8	8	2	2	40.8	3
278	515	6	1994	1	0	0	1	80	1	black	2	1	1	2	2	40.8	2
278	488	5	1994	1	0	0	1	85	1	black	2	2	2	2	2	40.8	2
278	488	6	1995	2	0	0	1	85	1	black	2	2	2	2	2	40.8	2
278	468	5	1994	1	0	0	1	32	0	black	2	2	2	2	2	40.8	2
278	468	6	1995	2	0	0	0	45	0	black	2	2	2	2	2	40.8	2
278	393	3	1994	1	0	0	1	67	1	hispanic	3	4	4	2	2	40.8	3
278	393	4	1995	2	0	0	1	78	1	hispanic	3	4	4	2	2	40.8	3
278	393	5	1996	3	0	0	0	64	1	hispanic	3	4	4	2	2	40.8	3
278	393	6	1997	4	0	1	0	68	1	hispanic	3	4	4	2	2	40.8	3
278	326	3	1995	1	0	0	0	71	1	black	2	5	5	2	2	40.8	2
278	326	4	1996	2	0	0	1	69	1	black	2	5	5	2	2	40.8	2
278	326	5	1997	3	0	0	1	74	1	black	2	5	5	2	2	40.8	2
278	326	6	1998	4	0	0	1	84	1	black	2	5	5	2	2	40.8	2
278	167	6	1994	1	0	0	0	69	1	hispanic	3	1	1	2	2	40.8	3
278	128	5	1998	1	0	0	1	88	0	hispanic	3	6	6	2	2	40.8	3
278	128	6	1999	2	0	0	1	83	0	hispanic	3	6	6	2	2	40.8	3
278	5	3	1994	1	0	0	1	80	0	black	2	4	4	2	2	40.8	2
278	5	4	1995	2	0	0	1	75	0	black	2	4	4	2	2	40.8	2
278	5	5	1996	3	0	0	1	77	0	black	2	4	4	2	2	40.8	2
278	5	6	1997	4	0	0	1	87	0	black	2	4	4	2	2	40.8	2
278	1	3	1994	1	0	0		26	0	black	2	4	4	2	2	40.8	2
278	1	4	1995	2	0	0		44	0	black	2	4	4	2	2	40.8	2
278	1	5	1996	3	0	1	0	43	0	black	2	4	4	2	2	40.8	2
278	1	6	1997	4	0	0	0	49	0	black	2	4	4	2	2	40.8	2
217	977	3	1996	1	0	0	1	84	1	hispanic	3	6	6	2	1	68	3
217	977	4	1997	2	0	1	1	89	1	hispanic	3	6	6	2	1	68	3
217	977	5	1998	3	0	0	1	90	1	hispanic	3	6	6	2	1	68	3
217	977	6	1999	4	0	0	1	91	1	hispanic	3	6	6	2	1	68	3
217	833	3	1996	1	0	0	0	45	1	black	2	6	6	2	1	68	2
217	833	4	1997	2	0	0	0	69	1	black	2	6	6	2	1	68	2
217	833	5	1998	3	0	0	0	70	1	black	2	6	6	2	1	68	2
217	833	6	1999	4	0	0	0	81	1	black	2	6	6	2	1	68	2
217	823	3	2000	1	0	0	1	74	0	black	2	10	10	2	1	68	2
217	789	3	1998	1	0	0	1	32	0	black	2	8	8	2	1	68	2
217	789	4	1999	2	0	0	1	54	0	black	2	8	8	2	1	68	2
217	789	5	2000	3	0	0	0	58	0	black	2	8	8	2	1	68	2
217	783	3	1998	1	0	0	1	65	0	black	2	8	8	2	1	68	2
217	783	4	1999	2	0	0	1	83	0	black	2	8	8	2	1	68	2
217	783	5	2000	3	0	0	1	88	0	black	2	8	8	2	1	68	2
217	764	3	1995	1	0	0		40	1	hispanic	3	5	5	2	1	68	3
217	764	4	1996	2	0	0		69	1	hispanic	3	5	5	2	1	68	3
217	764	5	1997	3	0	1	1	63	1	hispanic	3	5	5	2	1	68	3
217	764	6	1998	4	0	0	1	47	1	hispanic	3	5	5	2	1	68	3
217	752	3	1995	1	0	0	1	62	1	black	2	5	5	2	1	68	2
217	752	4	1996	2	0	0	1	78	1	black	2	5	5	2	1	68	2
217	752	5	1997	3	0	1	1	86	1	black	2	5	5	2	1	68	2
217	752	6	1998	4	0	0	1	90	1	black	2	5	5	2	1	68	2
217	714	4	1999	1	0	0	1	32	1	hispanic	3	8	8	2	1	68	3
217	714	5	2000	2	0	0	1	38	1	hispanic	3	8	8	2	1	68	3
217	680	3	1996	1	0	0	1	38	1	black	2	6	6	2	1	68	2
217	680	5	1998	3	0	1		41	1	black	2	6	6	2	1	68	2
217	680	6	1999	4	0	1	0	51	1	black	2	6	6	2	1	68	2
217	593	3	1999	1	0	0	1	80	1	hispanic	3	9	9	2	1	68	3
217	593	4	2000	2	0	0	1	80	1	hispanic	3	9	9	2	1	68	3
217	544	4	1997	1	0	0	1	83	0	hispanic	3	6	6	2	1	68	3
217	544	5	1998	2	0	0	1	85	0	hispanic	3	6	6	2	1	68	3
217	544	6	1999	3	0	0	1	88	0	hispanic	3	6	6	2	1	68	3
217	513	6	1995	1	0	0	1	52	0	black	2	2	2	2	1	68	2
217	413	3	1994	1	0	0	1	82	1	black	2	4	4	2	1	68	2
217	413	4	1995	2	0	0	1	85	1	black	2	4	4	2	1	68	2
217	413	5	1996	3	0	0	1	77	1	black	2	4	4	2	1	68	2
217	413	6	1997	4	0	0	1	81	1	black	2	4	4	2	1	68	2
217	374	3	1998	1	0	0	1	70	1	black	2	8	8	2	1	68	2
217	374	4	1999	2	0	0	1	72	1	black	2	8	8	2	1	68	2
217	374	5	2000	3	0	0	1	76	1	black	2	8	8	2	1	68	2
217	357	4	1994	1	0	0	1	54	0	hispanic	3	3	3	2	1	68	3
217	357	5	1995	2	0	0	1	53	0	hispanic	3	3	3	2	1	68	3
217	357	6	1996	3	0	0		65	0	hispanic	3	3	3	2	1	68	3
217	318	3	1995	1	0	0	0	70	1	black	2	5	5	2	1	68	2
217	318	4	1996	2	0	1	1	54	1	black	2	5	5	2	1	68	2
217	318	5	1997	3	0	0	1	46	1	black	2	5	5	2	1	68	2
217	318	6	1998	4	0	0	1	82	1	black	2	5	5	2	1	68	2
217	281	3	1995	1	0	0	0	70	0	black	2	5	5	2	1	68	2
217	281	4	1996	2	0	0	0	77	0	black	2	5	5	2	1	68	2
217	281	5	1997	3	0	0	0	80	0	black	2	5	5	2	1	68	2
217	281	6	1998	4	0	0	1	81	0	black	2	5	5	2	1	68	2
217	163	3	1994	1	0	0		54	0	white	1	4	4	2	1	68	1
217	163	4	1995	2	0	0		69	0	white	1	4	4	2	1	68	1
217	163	5	1996	3	0	0		62	0	white	1	4	4	2	1	68	1
217	68	3	1997	1	0	0	1	84	0	hispanic	3	7	7	2	1	68	3
217	68	5	1999	3	0	0	1	87	0	hispanic	3	7	7	2	1	68	3
217	68	6	2000	4	0	0	1	89	0	hispanic	3	7	7	2	1	68	3
217	29	3	1994	1	0	0	1	50	0	black	2	4	4	2	1	68	2
217	29	4	1995	2	0	0	1	69	0	black	2	4	4	2	1	68	2
217	29	5	1996	3	0	0	1	68	0	black	2	4	4	2	1	68	2
162	976	6	1994	1	0	0	1	55	0	black	2	1	1	3	4	24	2
162	974	3	1996	1	0	0		80	1	hispanic	3	6	6	3	4	24	3
162	974	6	1999	4	0	0	1	86	1	hispanic	3	6	6	3	4	24	3
162	931	3	1997	1	0	0	1	76	1	black	2	7	7	3	4	24	2
162	931	4	1998	2	0	0	1	88	1	black	2	7	7	3	4	24	2
162	931	5	1999	3	0	0	1	75	1	black	2	7	7	3	4	24	2
162	931	6	2000	4	0	0	1	85	1	black	2	7	7	3	4	24	2
162	886	3	1997	1	0	0	1	58	1	black	2	7	7	3	4	24	2
162	886	4	1998	2	0	0	1	81	1	black	2	7	7	3	4	24	2
162	886	5	1999	3	0	0	1	76	1	black	2	7	7	3	4	24	2
162	886	6	2000	4	0	0	1	67	1	black	2	7	7	3	4	24	2
162	773	3	1998	1	0	0	1	77	0	black	2	8	8	3	4	24	2
162	773	4	1999	2	0	0	1	70	0	black	2	8	8	3	4	24	2
162	773	5	2000	3	0	1	1	82	0	black	2	8	8	3	4	24	2
162	742	3	1998	1	0	0	1	79	1	black	2	8	8	3	4	24	2
162	742	4	1999	2	0	0	1	74	1	black	2	8	8	3	4	24	2
162	742	5	2000	3	0	0	1	71	1	black	2	8	8	3	4	24	2
162	706	3	1994	1	0	0		63	1	hispanic	3	4	4	3	4	24	3
162	706	4	1995	2	0	0		59	1	hispanic	3	4	4	3	4	24	3
162	706	6	1997	4	0	0	1	83	1	hispanic	3	4	4	3	4	24	3
162	663	4	2000	1	0	0	1	83	1	hispanic	3	9	9	3	4	24	3
162	656	3	1998	1	0	0		67	0	black	2	8	8	3	4	24	2
162	656	4	1999	2	0	1	0	80	0	black	2	8	8	3	4	24	2
162	656	5	2000	3	0	0	0	82	0	black	2	8	8	3	4	24	2
162	613	3	1999	1	0	0	1	84	0	black	2	9	9	3	4	24	2
162	613	4	2000	2	0	0	1	82	0	black	2	9	9	3	4	24	2
162	570	3	2000	1	0	0	1	62	0	hispanic	3	10	10	3	4	24	3
162	564	3	1998	1	0	0	1	75	0	black	2	8	8	3	4	24	2
162	564	4	1999	2	0	0	1	72	0	black	2	8	8	3	4	24	2
162	564	5	2000	3	0	0	1	64	0	black	2	8	8	3	4	24	2
162	510	5	1994	1	0	0	1	81	0	black	2	2	2	3	4	24	2
162	510	6	1995	2	0	0	0	82	0	black	2	2	2	3	4	24	2
162	445	4	1994	1	0	0	1	36	1	black	2	3	3	3	4	24	2
162	445	5	1995	2	0	0	1	50	1	black	2	3	3	3	4	24	2
162	445	6	1996	3	0	0	0	60	1	black	2	3	3	3	4	24	2
162	324	3	1995	1	0	0	1	17	1	black	2	5	5	3	4	24	2
162	324	6	1998	4	0	1	1	52	1	black	2	5	5	3	4	24	2
162	277	3	1995	1	0	0	1	55	1	black	2	5	5	3	4	24	2
162	277	4	1996	2	0	0	1	70	1	black	2	5	5	3	4	24	2
162	277	5	1997	3	0	0	1	76	1	black	2	5	5	3	4	24	2
162	277	6	1998	4	0	0	1	85	1	black	2	5	5	3	4	24	2
162	207	3	1996	1	0	0	1	82	0	black	2	6	6	3	4	24	2
162	207	4	1997	2	0	0	1	84	0	black	2	6	6	3	4	24	2
162	207	5	1998	3	0	0		86	0	black	2	6	6	3	4	24	2
162	207	6	1999	4	0	0		83	0	black	2	6	6	3	4	24	2
162	188	3	1996	1	0	0		75	1	black	2	6	6	3	4	24	2
162	188	4	1997	2	0	0		63	1	black	2	6	6	3	4	24	2
162	188	5	1998	3	0	0	1	50	1	black	2	6	6	3	4	24	2
162	188	6	1999	4	0	0	1	67	1	black	2	6	6	3	4	24	2
162	122	5	1994	1	0	0	1	65	1	black	2	2	2	3	4	24	2
162	122	6	1995	2	0	0	1	68	1	black	2	2	2	3	4	24	2
162	52	3	1994	1	0	0		76	0	hispanic	3	4	4	3	4	24	3
162	52	4	1995	2	0	0		84	0	hispanic	3	4	4	3	4	24	3
162	52	5	1996	3	0	0		73	0	hispanic	3	4	4	3	4	24	3
162	52	6	1997	4	0	0	1	85	0	hispanic	3	4	4	3	4	24	3
107	1009	3	1996	1	0	0	1	80	0	black	2	6	6	3	0	31.8	2
107	1009	4	1997	2	0	0	1	87	0	black	2	6	6	3	0	31.8	2
107	1009	5	1998	3	0	0	1	89	0	black	2	6	6	3	0	31.8	2
107	1009	6	1999	4	0	0		87	0	black	2	6	6	3	0	31.8	2
107	971	3	1998	1	0	0	1	83	0	black	2	8	8	3	0	31.8	2
107	971	4	1999	2	0	0	1	87	0	black	2	8	8	3	0	31.8	2
107	971	5	2000	3	0	0	1	81	0	black	2	8	8	3	0	31.8	2
107	951	6	1994	1	0	0	1	66	0	black	2	1	1	3	0	31.8	2
107	904	5	1994	1	0	0		47	0	hispanic	3	2	2	3	0	31.8	3
107	904	6	1995	2	0	0		57	0	hispanic	3	2	2	3	0	31.8	3
107	747	3	1998	1	0	0	1	77	0	black	2	8	8	3	0	31.8	2
107	747	4	1999	2	0	0	1	91	0	black	2	8	8	3	0	31.8	2
107	747	5	2000	3	0	0	1	88	0	black	2	8	8	3	0	31.8	2
107	724	3	1999	1	0	0	1	91	0	black	2	9	9	3	0	31.8	2
107	724	4	2000	2	0	0	1	86	0	black	2	9	9	3	0	31.8	2
107	549	3	2000	1	0	0	1	53	1	black	2	10	10	3	0	31.8	2
107	507	3	1996	1	0	0	1	82	0	black	2	6	6	3	0	31.8	2
107	507	4	1997	2	0	0	1	87	0	black	2	6	6	3	0	31.8	2
107	507	6	1999	4	0	0		83	0	black	2	6	6	3	0	31.8	2
107	456	4	1994	1	0	0	0	74	1	black	2	3	3	3	0	31.8	2
107	456	5	1995	2	0	0	1	47	1	black	2	3	3	3	0	31.8	2
107	456	6	1996	3	0	0	1	55	1	black	2	3	3	3	0	31.8	2
107	454	5	1994	1	0	0	0	83	0	black	2	2	2	3	0	31.8	2
107	454	6	1995	2	0	0	1	79	0	black	2	2	2	3	0	31.8	2
107	438	4	1994	1	0	0	0	68	0	black	2	3	3	3	0	31.8	2
107	438	5	1995	2	0	0	1	69	0	black	2	3	3	3	0	31.8	2
107	438	6	1996	3	0	0	1	70	0	black	2	3	3	3	0	31.8	2
107	429	4	1994	1	0	0	1	86	0	black	2	3	3	3	0	31.8	2
107	429	5	1995	2	0	0		89	0	black	2	3	3	3	0	31.8	2
107	429	6	1996	3	0	0	1	83	0	black	2	3	3	3	0	31.8	2
107	368	4	1995	1	0	0	1	74	0	black	2	4	4	3	0	31.8	2
107	368	5	1996	2	0	0	1	67	0	black	2	4	4	3	0	31.8	2
107	368	6	1997	3	0	0	1	78	0	black	2	4	4	3	0	31.8	2
107	286	3	1996	1	0	0	1	63	0	black	2	6	6	3	0	31.8	2
107	286	4	1997	2	0	0	1	60	0	black	2	6	6	3	0	31.8	2
107	286	5	1998	3	0	1	1	84	0	black	2	6	6	3	0	31.8	2
107	286	6	1999	4	0	0	1	83	0	black	2	6	6	3	0	31.8	2
107	256	3	1994	1	0	0		74	1	hispanic	3	4	4	3	0	31.8	3
107	256	4	1995	2	0	0		85	1	hispanic	3	4	4	3	0	31.8	3
107	256	5	1996	3	0	0		71	1	hispanic	3	4	4	3	0	31.8	3
107	256	6	1997	4	0	0		86	1	hispanic	3	4	4	3	0	31.8	3
107	216	3	1996	1	0	0		91	0	hispanic	3	6	6	3	0	31.8	3
107	216	4	1997	2	0	0	1	89	0	hispanic	3	6	6	3	0	31.8	3
107	216	5	1998	3	0	0	1	90	0	hispanic	3	6	6	3	0	31.8	3
107	216	6	1999	4	0	0	1	89	0	hispanic	3	6	6	3	0	31.8	3
107	131	5	1994	1	0	0	1	83	0	black	2	2	2	3	0	31.8	2
107	131	6	1995	2	0	0	1	80	0	black	2	2	2	3	0	31.8	2
107	104	3	1997	1	0	0	1	93	1	black	2	7	7	3	0	31.8	2
107	104	4	1998	2	0	0	1	87	1	black	2	7	7	3	0	31.8	2
107	104	5	1999	3	0	0	1	86	1	black	2	7	7	3	0	31.8	2
107	86	6	1997	1	0	0		69	1	black	2	4	4	3	0	31.8	2
107	22	3	1997	1	0	0	1	93	1	black	2	7	7	3	0	31.8	2
107	22	4	1998	2	0	0	1	88	1	black	2	7	7	3	0	31.8	2
107	22	5	1999	3	0	0	1	86	1	black	2	7	7	3	0	31.8	2
107	22	6	2000	4	0	1		84	1	black	2	7	7	3	0	31.8	2
65	1003	5	1997	1	0	0	1	87	0	hispanic	3	5	5	3	0	46	3
65	1003	6	1998	2	0	0	1	84	0	hispanic	3	5	5	3	0	46	3
65	999	6	1998	1	0	0	1	78	0	hispanic	3	5	5	3	0	46	3
65	952	4	1998	1	0	0	1	79	0	hispanic	3	7	7	3	0	46	3
65	952	5	1999	2	0	0	1	86	0	hispanic	3	7	7	3	0	46	3
65	952	6	2000	3	0	0	1	81	0	hispanic	3	7	7	3	0	46	3
65	919	4	1999	1	0	0	1	70	1	hispanic	3	8	8	3	0	46	3
65	919	5	2000	2	0	0	1	80	1	hispanic	3	8	8	3	0	46	3
65	901	4	1998	1	0	0	1	84	1	hispanic	3	7	7	3	0	46	3
65	901	5	1999	2	0	0	1	91	1	hispanic	3	7	7	3	0	46	3
65	901	6	2000	3	0	0	1	91	1	hispanic	3	7	7	3	0	46	3
65	898	4	1998	1	0	0	1	81	1	hispanic	3	7	7	3	0	46	3
65	898	5	1999	2	0	0	1	85	1	hispanic	3	7	7	3	0	46	3
65	898	6	2000	3	0	0	1	87	1	hispanic	3	7	7	3	0	46	3
65	873	4	1997	1	0	0		84	1	hispanic	3	6	6	3	0	46	3
65	873	5	1998	2	0	0	0	84	1	hispanic	3	6	6	3	0	46	3
65	873	6	1999	3	0	0		90	1	hispanic	3	6	6	3	0	46	3
65	854	6	1998	1	0	0	1	82	0	hispanic	3	5	5	3	0	46	3
65	627	5	2000	1	0	0	1	77	1	hispanic	3	8	8	3	0	46	3
65	612	4	2000	1	0	0	1	80	0	hispanic	3	9	9	3	0	46	3
65	400	4	1997	1	0	0	1	42	1	hispanic	3	6	6	3	0	46	3
65	400	5	1998	2	0	0	1	48	1	hispanic	3	6	6	3	0	46	3
65	400	6	1999	3	0	0	1	54	1	hispanic	3	6	6	3	0	46	3
65	345	4	1997	1	0	0	1	60	0	black	2	6	6	3	0	46	2
65	285	6	1997	1	0	0	1	75	1	hispanic	3	4	4	3	0	46	3
65	260	4	1997	1	0	0	1	63	1	hispanic	3	6	6	3	0	46	3
65	260	5	1998	2	0	1	1	76	1	hispanic	3	6	6	3	0	46	3
65	260	6	1999	3	0	0	1	83	1	hispanic	3	6	6	3	0	46	3
65	232	4	1997	1	0	0	1	45	0	other	5	6	6	3	0	46	4
65	232	5	1998	2	0	1	1	73	0	other	5	6	6	3	0	46	4
65	232	6	1999	3	0	0	1	78	0	other	5	6	6	3	0	46	4
65	158	4	1997	1	0	0	1	71	0	hispanic	3	6	6	3	0	46	3
65	158	5	1998	2	0	0	1	78	0	hispanic	3	6	6	3	0	46	3
65	158	6	1999	3	0	0	1	82	0	hispanic	3	6	6	3	0	46	3
65	151	6	1999	1	0	0	1	65	1	hispanic	3	6	6	3	0	46	3
65	107	5	1999	1	0	0	1	50	0	other	5	7	7	3	0	46	4
65	107	6	2000	2	0	1		66	0	other	5	7	7	3	0	46	4
65	71	4	1998	1	0	0	1	65	1	hispanic	3	7	7	3	0	46	3
65	71	5	1999	2	0	0	1	52	1	hispanic	3	7	7	3	0	46	3
65	71	6	2000	3	0	0	1	74	1	hispanic	3	7	7	3	0	46	3
65	9	5	1997	1	0	0	1	88	0	hispanic	3	5	5	3	0	46	3
65	9	6	1998	2	0	0	1	79	0	hispanic	3	5	5	3	0	46	3
36	996	4	1997	1	0	0	1	79	1	hispanic	3	6	6	3	3	49.7	3
36	996	5	1998	2	0	0	1	86	1	hispanic	3	6	6	3	3	49.7	3
36	996	6	1999	3	0	1	1	90	1	hispanic	3	6	6	3	3	49.7	3
36	940	5	1998	1	0	0	1	64	0	hispanic	3	6	6	3	3	49.7	3
36	940	6	1999	2	0	0	1	89	0	hispanic	3	6	6	3	3	49.7	3
36	894	4	2000	1	0	0	1	75	1	hispanic	3	9	9	3	3	49.7	3
36	845	3	1999	1	0	0	1	65	0	hispanic	3	9	9	3	3	49.7	3
36	845	4	2000	2	0	0	1	75	0	hispanic	3	9	9	3	3	49.7	3
36	763	6	1997	1	0	0	1	79	1	hispanic	3	4	4	3	3	49.7	3
36	698	3	1999	1	0	0	1	48	1	black	2	9	9	3	3	49.7	2
36	678	3	1999	1	0	0	1	67	1	black	2	9	9	3	3	49.7	2
36	678	4	2000	2	0	0	1	77	1	black	2	9	9	3	3	49.7	2
36	643	6	2000	1	0	0	1	89	0	hispanic	3	7	7	3	3	49.7	3
36	625	4	2000	1	0	0	1	84	1	hispanic	3	9	9	3	3	49.7	3
36	621	3	1999	1	0	0	1	67	1	black	2	9	9	3	3	49.7	2
36	621	4	2000	2	0	0	1	74	1	black	2	9	9	3	3	49.7	2
36	568	3	2000	1	0	0	1	78	0	black	2	10	10	3	3	49.7	2
36	548	3	2000	1	0	0	1	57	0	black	2	10	10	3	3	49.7	2
36	537	3	1998	1	0	0	1	52	0	hispanic	3	8	8	3	3	49.7	3
36	537	5	2000	3	0	0	1	62	0	hispanic	3	8	8	3	3	49.7	3
36	322	3	1999	1	0	0	1	58	1	black	2	9	9	3	3	49.7	2
36	322	4	2000	2	0	0	1	70	1	black	2	9	9	3	3	49.7	2
36	316	5	1997	1	0	0	1	70	0	hispanic	3	5	5	3	3	49.7	3
36	316	6	1998	2	0	0	1	84	0	hispanic	3	5	5	3	3	49.7	3
36	309	5	1997	1	0	0		62	0	hispanic	3	5	5	3	3	49.7	3
36	300	6	1997	1	0	0	1	76	1	hispanic	3	4	4	3	3	49.7	3
36	192	4	1997	1	0	0	1	60	1	black	2	6	6	3	3	49.7	2
36	144	6	2000	1	0	0	1	81	1	hispanic	3	7	7	3	3	49.7	3
36	44	3	1998	1	0	0	1	38	1	black	2	8	8	3	3	49.7	2
1	991	6	1999	1	0	0	1	61	1	hispanic	3	6	6	3	4	43.1	3
1	964	4	1998	1	0	0	1	79	0	hispanic	3	7	7	3	4	43.1	3
1	964	5	1999	2	0	0	1	87	0	hispanic	3	7	7	3	4	43.1	3
1	964	6	2000	3	0	0	1	86	0	hispanic	3	7	7	3	4	43.1	3
1	863	4	1999	1	0	0	1	64	1	hispanic	3	8	8	3	4	43.1	3
1	863	5	2000	2	0	0	1	62	1	hispanic	3	8	8	3	4	43.1	3
1	855	4	1999	1	0	0	1	64	1	hispanic	3	8	8	3	4	43.1	3
1	855	5	2000	2	0	0	1	63	1	hispanic	3	8	8	3	4	43.1	3
1	843	6	1999	1	0	0	1	69	0	hispanic	3	6	6	3	4	43.1	3
1	811	4	2000	1	0	0	1	74	0	hispanic	3	9	9	3	4	43.1	3
1	803	4	1998	1	0	0	1	83	0	hispanic	3	7	7	3	4	43.1	3
1	803	5	1999	2	0	0	1	87	0	hispanic	3	7	7	3	4	43.1	3
1	803	6	2000	3	0	0	1	88	0	hispanic	3	7	7	3	4	43.1	3
1	800	6	2000	1	0	0	1	69	1	hispanic	3	7	7	3	4	43.1	3
1	721	4	1998	1	0	0	1	91	1	hispanic	3	7	7	3	4	43.1	3
1	721	5	1999	2	0	0	1	92	1	hispanic	3	7	7	3	4	43.1	3
1	721	6	2000	3	0	0	1	91	1	hispanic	3	7	7	3	4	43.1	3
1	697	4	2000	1	0	0	1	55	1	hispanic	3	9	9	3	4	43.1	3
1	626	4	2000	1	0	0	1	51	1	hispanic	3	9	9	3	4	43.1	3
1	587	4	1998	1	0	0	1	88	0	hispanic	3	7	7	3	4	43.1	3
1	587	5	1999	2	0	0	1	87	0	hispanic	3	7	7	3	4	43.1	3
1	587	6	2000	3	0	0	1	87	0	hispanic	3	7	7	3	4	43.1	3
1	547	5	2000	1	0	0	1	74	1	hispanic	3	8	8	3	4	43.1	3
1	523	6	2000	1	0	0	1	74	0	hispanic	3	7	7	3	4	43.1	3
1	518	4	1999	1	0	0	1	79	1	other	4	8	8	3	4	43.1	4
1	518	5	2000	2	0	0		83	1	other	4	8	8	3	4	43.1	4
1	315	6	1998	1	0	0	1	61	0	hispanic	3	5	5	3	4	43.1	3
1	312	5	1998	1	0	0	1	51	1	black	2	6	6	3	4	43.1	2
1	312	6	1999	2	0	0	1	45	1	black	2	6	6	3	4	43.1	2
1	147	6	1999	1	0	0	1	86	1	hispanic	3	6	6	3	4	43.1	3
1	96	5	1998	1	0	0	1	63	0	hispanic	3	6	6	3	4	43.1	3
1	96	6	1999	2	0	0	1	72	0	hispanic	3	6	6	3	4	43.1	3
1	93	4	1998	1	0	0	1	79	0	black	2	7	7	3	4	43.1	2
1	93	5	1999	2	0	0	1	83	0	black	2	7	7	3	4	43.1	2
1	93	6	2000	3	0	0	1	90	0	black	2	7	7	3	4	43.1	2
