MS	HH	DEPEND	AGE	F1040A	F1040EZ	TPI	TXRT	MR	EMP	PREP	TAX	SUBJECT	TIME	LNTPI	LNTAX
1	0	2	0	0	0	25858.03125	25	25	0	0	3593.782471	1	1	10.16037655	8.187238693
1	0	5	0	0	0	24851.8125	22	22	0	0	2308.80835	2	1	10.12068558	7.744919777
0	0	1	0	0	1	2091.19165	0	0	0	0	0	3	1	7.645489216	0
0	0	1	0	0	0	8413.47168	16	17	0	1	534.7150269	4	1	9.037589073	6.283602238
1	0	2	0	0	0	26017.61719	25	25	0	0	3081.865234	5	1	10.1665287	8.033615112
1	0	5	0	0	0	62295.33594	39	44	0	0	11160.62207	6	1	11.03964138	9.320236206
1	0	2	1	0	0	23486.00977	19	22	1	1	1736.787598	7	1	10.06416035	7.460368156
1	0	2	0	0	0	117524.3516	49	50	0	0	24290.15625	8	1	11.67440128	10.09786797
1	0	3	0	0	0	18743.00586	19	19	0	1	1509.844604	9	1	9.838576317	7.32042408
0	0	1	0	1	0	10027.97949	19	19	0	0	996.8911743	10	1	9.213134766	6.905644417
0	0	1	0	0	1	15659.06738	23	23	0	0	2206.217529	11	1	9.658805847	7.699488163
0	0	1	0	0	1	123.3160629	0	0	0	0	0	12	1	4.814750671	0
1	0	2	1	0	0	26016.58008	25	25	0	0	3218.652832	13	1	10.1664896	8.077029228
1	0	6	0	0	0	34304.66406	25	29	0	1	3348.186523	14	1	10.44303703	8.116473198
1	0	2	0	0	0	26277.7207	25	25	1	0	3697.409424	15	1	10.17647648	8.215658188
0	0	1	0	0	0	23555.43945	23	31	0	1	1830.051758	16	1	10.06711197	7.512645721
0	1	2	0	0	0	8372.020508	12	14	0	0	0	17	1	9.032650948	0
1	0	2	0	0	0	66471.5	33	49	1	1	5278.756348	18	1	11.10452843	8.571635246
1	0	4	0	0	0	28136.78711	22	25	0	1	2947.150146	19	1	10.24483299	7.988933086
1	0	2	0	0	0	417145.0625	50	50	0	1	90455.96094	20	1	12.94118977	11.41262913
1	0	3	0	0	0	42351.29688	33	39	0	0	6178.238281	21	1	10.65375423	8.7289505
1	0	2	0	0	0	34160.62109	25	33	0	0	3762.694336	22	1	10.43882847	8.233156204
1	0	4	0	0	0	22570.98438	19	22	0	0	1726.424927	23	1	10.02442074	7.454387188
0	0	1	0	1	0	18643.52344	27	27	0	0	2938.860107	24	1	9.83325386	7.986117363
0	0	1	0	0	0	9709.844727	0	17	1	0	0	25	1	9.180895805	0
1	0	2	1	0	0	26166.83984	14	25	1	1	0	26	1	10.17224789	0
1	0	2	0	0	0	18185.49219	16	19	0	1	687.0466309	27	1	9.808379173	6.533856392
0	1	2	0	1	0	6311.916992	12	12	0	0	0	28	1	8.75019455	0
0	0	1	0	1	0	22539.89648	31	31	0	1	4136.787598	29	1	10.02304173	8.327916145
0	0	1	0	0	1	4072.538818	12	12	0	0	79.7927475	30	1	8.312022209	4.391887188
0	0	2	0	1	0	9017.616211	17	17	0	0	609.326416	31	1	9.106935501	6.413993835
0	1	3	0	0	0	19462.17578	22	23	0	1	2103.626953	32	1	9.876228333	7.651893616
0	0	1	0	1	0	13850.77734	19	22	0	0	1263.212402	33	1	9.536096573	7.142204762
0	0	1	0	0	0	3998.963623	16	12	0	1	344.0414429	34	1	8.293790817	5.843664646
1	0	2	1	0	0	20840.41406	22	22	0	1	2103.626953	35	1	9.944649696	7.651893616
0	0	1	0	0	0	24889.11914	23	31	1	0	2182.383301	36	1	10.12218571	7.688631058
1	0	4	0	0	0	43478.75781	33	39	0	0	7186.52832	37	1	10.68002796	8.880103111
1	0	2	0	1	0	11348.18652	16	16	0	1	768.9119263	38	1	9.336812973	6.646275997
1	0	5	0	0	0	9022.797852	12	12	1	1	0	39	1	9.107509613	0
0	0	1	0	0	1	11847.66797	19	19	0	0	1361.658081	40	1	9.379886627	7.21719265
1	0	2	0	0	0	29213.4707	25	29	0	1	4111.916992	41	1	10.28238487	8.32188797
1	0	6	0	0	0	133025.9063	49	50	0	1	29139.89648	42	1	11.79829884	10.27989769
1	0	6	0	1	0	19987.56445	19	19	0	0	1480.828979	43	1	9.90286541	7.301032543
1	0	3	0	1	0	20854.92188	22	22	0	0	2297.409424	44	1	9.945344925	7.739972591
1	0	4	0	0	0	41904.66406	25	39	0	1	3023.834229	45	1	10.64315224	8.014611244
0	1	2	0	0	0	43481.86719	41	41	0	1	8644.55957	46	1	10.68009949	9.064801216
1	0	5	0	0	0	25067.35742	19	22	1	1	1815.544067	47	1	10.12932205	7.504691124
0	0	1	0	1	0	8986.52832	16	17	0	0	617.6165771	48	1	9.103482246	6.427485466
1	0	2	0	0	0	21234.19727	19	22	0	0	2012.435181	49	1	9.963368416	7.607597828
1	0	6	0	0	0	149401.0313	50	50	0	1	31243.52344	50	1	11.91438961	10.34959984
0	0	1	0	0	1	18791.70898	27	27	0	0	3009.326416	51	1	9.841171265	8.009803772
1	0	2	0	0	0	40625.90625	39	39	0	1	8207.253906	52	1	10.61216164	9.012895584
1	0	2	0	0	0	34632.125	29	33	0	0	4476.684082	53	1	10.45253658	8.406861305
0	1	2	0	0	0	26725.38867	28	32	0	0	4088.083008	54	1	10.19336891	8.316076279
1	0	2	0	0	0	23875.64844	25	25	0	0	3075.647705	55	1	10.08061409	8.031596184
0	1	2	0	0	0	9688.083008	16	16	0	0	468.3937683	56	1	9.17865181	6.151442051
1	0	2	1	1	0	11953.36816	16	16	0	0	719.1709595	57	1	9.388768196	6.579488754
1	0	3	0	1	0	25354.4043	25	25	0	0	3360.621826	58	1	10.14070797	8.120179176
0	0	2	0	0	0	41844.55859	33	39	0	1	7056.994629	59	1	10.64171696	8.861916542
0	0	1	0	0	1	3678.756592	12	12	0	0	26.94300461	60	1	8.210330009	3.330166817
1	0	1	0	0	0	18032.125	33	33	0	0	3051.813477	61	1	9.799910545	8.02381897
0	0	1	0	0	0	29630.05273	35	35	0	0	6163.730469	62	1	10.29654408	8.726599693
1	0	4	0	0	0	50908.80859	39	39	0	1	10023.83398	63	1	10.83779144	9.212821007
1	0	2	0	0	0	52148.1875	29	44	0	0	4250.777344	64	1	10.86184502	8.355092049
1	0	2	0	0	0	74754.40625	44	49	0	1	14549.22266	65	1	11.22196388	9.585361481
0	0	1	0	0	1	8659.067383	17	17	0	0	784.4559326	66	1	9.066362381	6.666264534
1	0	6	0	0	0	18910.88086	12	19	0	1	15.54404163	67	1	9.847493172	2.806025982
1	0	3	0	0	0	169386.5313	50	50	1	1	55564.76563	68	1	12.03993893	10.92532253
0	0	1	0	0	1	5732.642578	16	16	0	0	302.5906677	69	1	8.653931618	5.715680122
1	0	3	0	0	0	32843.52344	29	29	1	1	4497.40918	70	1	10.39950943	8.411478996
0	0	1	0	0	1	6919.170898	16	16	0	1	493.2642517	71	1	8.842051506	6.203070164
1	0	3	0	0	0	53563.73047	33	44	0	0	7306.73584	72	1	10.88862705	8.896688461
0	0	1	0	0	1	4197.927246	12	12	0	0	96.3730545	73	1	8.342346191	4.578549385
1	0	2	0	0	0	55679.79297	44	44	0	1	13450.77734	74	1	10.92737293	9.506866455
1	0	2	0	1	0	21669.42969	22	22	0	0	2753.36792	75	1	9.983657837	7.92094326
1	0	3	0	1	0	26180.31055	25	25	0	0	3581.347168	76	1	10.17276287	8.183773041
1	0	3	0	1	0	12166.83984	16	16	0	0	752.331604	77	1	9.406469345	6.62450552
1	0	2	0	0	0	14328.49707	16	16	0	1	1224.870483	78	1	9.570005417	7.111406326
0	1	2	0	1	0	5745.077637	12	12	0	0	0	79	1	8.656098366	0
0	0	1	0	0	0	9045.595703	14	17	0	1	256.994812	80	1	9.110033035	5.552939415
1	0	3	0	0	0	42957.51172	33	39	0	0	6297.40918	81	1	10.66796684	8.748052597
0	0	1	1	0	0	10059.06738	17	17	0	1	845.5958252	82	1	9.216229439	6.741223335
1	0	2	0	0	0	61313.98828	39	44	1	1	0	83	1	11.02376366	0
1	0	4	0	0	0	47442.48828	39	39	0	1	9280.829102	84	1	10.7672739	9.135813713
1	0	1	0	0	0	2893.26416	12	12	0	0	11.39896393	85	1	7.970140457	2.517612934
1	0	4	0	0	0	38552.33203	29	33	0	1	4287.046875	86	1	10.55977154	8.363586426
1	0	5	0	0	0	16032.12402	16	16	0	1	569.9481812	87	1	9.682350159	6.347298622
1	0	2	0	0	0	151910.875	50	50	1	1	52839.37891	88	1	11.93104935	10.87503052
1	0	3	0	0	0	51941.96875	39	44	0	0	7618.652832	89	1	10.8578825	8.938486099
0	0	1	0	1	0	10321.24316	19	19	0	1	1075.647705	90	1	9.241959572	6.981607437
0	0	1	0	0	0	11731.60645	22	19	0	0	1737.823853	91	1	9.370041847	7.460964203
0	0	1	0	0	0	8164.766602	0	17	0	1	0	92	1	9.007583618	0
0	0	1	0	0	1	11265.28516	19	19	0	0	1252.849731	93	1	9.329481125	7.133974075
1	0	6	0	0	0	23992.74609	22	22	1	1	0	94	1	10.08550644	0
1	0	5	0	0	0	31669.42969	29	29	0	1	4012.435303	95	1	10.36310673	8.297402382
1	0	5	0	0	0	35695.33594	29	29	0	1	4614.507813	96	1	10.48277569	8.437176704
1	0	3	0	1	0	7923.315918	12	12	0	0	0	97	1	8.977564812	0
1	0	2	0	0	0	25121.24414	22	25	0	1	2331.606201	98	1	10.13146877	7.754741669
1	0	5	0	0	0	30705.69922	25	29	0	0	3006.217529	99	1	10.33220387	8.008770943
0	0	1	1	0	0	21018.65234	27	31	0	1	2491.19165	100	1	9.953166008	7.820917606
0	0	1	1	0	0	26456.99414	22	35	0	1	1532.642456	101	1	10.18327618	7.335401058
0	0	1	0	0	1	1935.751343	0	0	0	1	0	102	1	7.568250656	0
0	0	1	0	0	1	12351.29492	22	22	0	0	1464.248657	103	1	9.421516418	7.28978014
0	0	1	0	0	1	11648.70508	19	19	0	0	1322.279785	104	1	9.362950325	7.187868595
0	0	1	0	0	0	26312.95313	35	35	0	0	5266.321289	105	1	10.17781639	8.56927681
0	0	1	0	0	1	10674.61133	19	19	0	0	1145.077759	106	1	9.275623322	7.044100761
0	0	1	0	0	0	30891.19141	35	40	0	0	6681.865234	107	1	10.33822632	8.807302475
0	0	1	0	0	1	2419.689209	0	0	0	0	0	108	1	7.791394234	0
0	1	2	0	1	0	14063.21289	20	20	0	0	1526.424927	109	1	9.551317215	7.331338406
1	0	2	0	0	0	44088.08203	39	39	0	0	8931.606445	110	1	10.69394493	9.097463608
0	1	2	0	0	0	21876.68359	28	28	0	0	3303.626953	111	1	9.99317646	8.103078842
1	0	4	0	0	0	33053.88672	25	29	0	0	3726.424805	112	1	10.40589428	8.223472595
1	0	2	0	0	0	24757.51367	25	25	0	1	3477.720215	113	1	10.11688423	8.154419899
1	0	2	0	0	0	38059.06641	33	33	0	1	7152.331543	114	1	10.54689503	8.875333786
1	0	2	0	0	0	24381.34766	16	25	1	1	1148.186523	115	1	10.10157394	7.046809673
0	1	3	0	1	0	18861.14063	23	23	0	0	2356.476563	116	1	9.844859123	7.765347004
0	0	1	0	0	0	26746.11328	31	35	0	1	4442.486816	117	1	10.19414425	8.399194717
0	0	1	0	0	0	10255.95898	16	19	0	0	534.7150269	118	1	9.235613823	6.283602238
1	0	4	0	1	0	23918.13477	22	22	0	0	2787.564697	119	1	10.08239269	7.933282375
1	0	2	1	0	0	98117.10156	49	50	0	0	26248.70508	120	1	11.49391651	10.17541027
0	0	1	0	0	0	28303.62695	31	35	0	1	3590.673584	121	1	10.25074482	8.186373711
1	0	6	0	0	0	10498.44531	0	0	1	1	0	122	1	9.258982658	0
1	0	5	0	0	0	38244.55859	33	33	0	0	5852.849609	123	1	10.55175686	8.674855232
1	0	2	0	1	0	28166.83984	29	29	0	0	4280.829102	124	1	10.24590111	8.362135887
1	0	5	0	0	0	29690.15625	22	25	0	0	2145.077637	125	1	10.29857063	7.671397209
0	1	2	0	1	0	9249.741211	16	16	0	0	496.3730469	126	1	9.132350922	6.209340572
1	0	4	0	0	0	18623.83398	16	19	1	1	1216.580322	127	1	9.832197189	7.104620934
1	0	4	0	1	0	24196.89063	22	22	0	1	2844.55957	128	1	10.09397984	7.953515053
0	0	1	1	0	0	13046.63184	19	19	0	0	1390.673584	129	1	9.476284981	7.238262177
1	0	2	0	0	0	37338.85938	33	33	0	1	6174.093262	130	1	10.52779007	8.728279114
0	0	1	0	0	0	21403.10938	31	31	0	0	3355.44043	131	1	9.971291542	8.118636131
0	0	1	0	0	1	8558.548828	17	17	0	0	766.8393555	132	1	9.054685593	6.643580437
1	0	2	0	0	0	43835.23438	39	39	0	1	7780.311035	133	1	10.68819332	8.959480286
1	0	2	0	0	0	34482.90234	33	33	0	1	4992.746094	134	1	10.4482193	8.51594162
1	0	4	0	0	0	26581.34766	22	25	0	1	2867.357422	135	1	10.18796539	7.961494923
1	0	5	0	0	0	38534.71484	25	33	0	1	2940.932617	136	1	10.55931473	7.986822128
0	1	3	0	0	0	14239.37793	20	20	0	0	820.7254028	137	1	9.563766479	6.711406231
1	0	6	0	1	0	29617.61719	25	25	0	0	3659.067383	138	1	10.29612446	8.205236435
1	0	5	0	0	0	10145.07813	0	12	0	0	0	139	1	9.224743843	0
1	0	3	1	0	0	14540.93262	16	16	0	0	768.9119263	140	1	9.584722519	6.646275997
1	0	2	0	0	0	46531.60547	33	39	0	0	6331.606445	141	1	10.74788666	8.75346756
0	0	1	0	0	1	9854.921875	19	19	0	0	987.5647583	142	1	9.195726395	6.896254063
1	0	2	1	0	0	46030.05078	33	39	0	1	7587.564941	143	1	10.73705006	8.934397697
0	0	1	0	0	1	3140.932617	0	0	0	0	0	144	1	8.052274704	0
1	0	5	0	1	0	19026.94336	19	19	0	0	1509.844604	145	1	9.853610992	7.32042408
1	0	2	0	0	0	44112.95313	33	39	0	0	6702.59082	146	1	10.69450855	8.810399055
1	0	3	0	1	0	14347.15039	16	16	0	0	1075.647705	147	1	9.571306229	6.981607437
0	0	1	0	1	0	1934.714966	0	0	0	1	0	148	1	7.567715168	0
1	0	4	0	0	0	34012.43359	29	29	0	0	4358.549316	149	1	10.43448162	8.380124092
0	0	1	0	0	0	21056.99414	27	31	0	1	2477.720215	150	1	9.95498848	7.815497875
1	0	5	0	0	0	33006.21875	22	29	1	0	1702.590698	151	1	10.40445137	7.440493584
0	0	1	0	0	1	8817.616211	17	17	0	0	810.3626709	152	1	9.084506989	6.69871521
0	0	1	0	0	1	10747.15039	19	19	0	1	1154.404175	153	1	9.282396317	7.052205563
0	0	1	0	0	0	20783.41992	23	31	0	1	2134.715088	154	1	9.941910744	7.666556835
1	0	3	0	0	0	42398.96484	22	39	1	0	2425.906738	155	1	10.65487957	7.794372559
1	0	2	0	0	0	83740.92969	49	49	0	0	19398.96289	156	1	11.33548355	9.873026848
1	0	3	0	0	0	9683.9375	14	14	0	1	0	157	1	9.17822361	0
1	0	4	0	1	0	9429.015625	0	12	0	0	0	158	1	9.151547432	0
1	0	3	0	0	0	73739.89844	33	49	1	0	7002.072754	159	1	11.20829964	8.854104042
1	0	5	0	1	0	26767.875	25	25	0	1	3205.181396	160	1	10.19495773	8.072835922
1	0	6	0	1	0	29151.29492	25	25	0	0	3360.621826	161	1	10.28025436	8.120179176
1	0	6	0	1	0	13099.48145	14	14	0	1	424.8704529	162	1	9.480327606	6.054135323
1	0	3	0	0	0	19673.57422	19	19	0	0	2080.829102	163	1	9.887031555	7.641002178
0	0	1	0	1	0	3043.523438	0	0	0	0	0	164	1	8.020771027	0
0	1	2	0	1	0	461.1398926	0	0	0	1	0	165	1	6.133701324	0
1	0	4	0	0	0	35753.36719	29	33	0	1	4220.725586	166	1	10.4843998	8.347999573
1	0	2	0	0	0	17927.46094	19	19	1	1	1421.761719	167	1	9.794089317	7.260354996
1	0	2	1	0	0	8416.580078	0	12	1	1	0	168	1	9.037959099	0
1	0	3	0	1	0	31855.95898	29	29	0	0	4972.020508	169	1	10.36897945	8.511782646
1	0	3	0	0	0	9670.466797	0	14	1	1	0	170	1	9.176832199	0
1	0	4	0	1	0	14508.80859	16	16	0	1	918.1347046	171	1	9.582510948	6.823432922
1	0	2	0	0	0	35208.28906	29	33	0	1	5543.005371	172	1	10.46903706	8.620472908
0	0	1	0	0	1	11824.87012	19	19	0	1	1361.658081	173	1	9.377960205	7.21719265
0	1	2	0	0	0	41076.68359	38	41	0	1	8398.963867	174	1	10.62319565	9.035983086
0	0	1	0	1	0	25329.5332	31	31	0	0	4956.476563	175	1	10.13972664	8.508651733
0	0	1	0	0	1	2305.699463	0	0	0	0	0	176	1	7.743139267	0
1	0	3	0	0	0	38276.68359	29	33	0	0	5588.601074	177	1	10.55259609	8.628663063
0	0	1	0	0	1	4850.777344	14	14	0	0	177.2020721	178	1	8.486894608	5.182918072
1	0	2	0	0	0	41025.90625	33	39	1	0	7477.720215	179	1	10.62195873	8.919816971
0	0	1	0	0	0	29461.14063	35	35	0	1	5710.880859	180	1	10.29082775	8.650303841
1	0	4	0	0	0	56764.76563	39	44	0	0	8865.285156	181	1	10.94667149	9.090011597
0	0	1	0	0	1	1533.678711	0	0	0	0	0	182	1	7.335424423	0
1	0	2	0	0	0	51610.36328	39	44	0	1	8649.741211	183	1	10.85147762	9.065400124
0	1	4	0	1	0	12343.00488	16	16	0	0	802.0725098	184	1	9.420845032	6.688445091
0	1	2	0	1	0	728.4974365	0	0	0	0	0	185	1	6.590983868	0
1	0	4	0	0	0	61937.82422	39	44	0	1	9850.777344	186	1	11.03388596	9.195406914
0	0	1	0	1	0	9663.212891	17	17	0	0	951.2953491	187	1	9.176081657	6.858875275
1	0	3	0	0	0	70629.01563	44	49	0	0	16435.23242	188	1	11.16519642	9.707243919
1	0	2	0	0	0	11984.45605	0	16	1	1	0	189	1	9.391366005	0
1	0	2	0	0	0	1.036269426	0	0	1	1	0	190	1	0.035627179	0
0	0	1	0	0	1	30871.50195	35	35	0	0	6925.388672	191	1	10.33758926	8.843093872
1	0	4	0	0	0	44169.94922	33	39	0	1	7717.098633	192	1	10.69579983	8.951323509
1	0	2	0	0	0	34168.91016	29	33	0	1	4416.580078	193	1	10.43907166	8.39334774
0	0	1	0	0	0	30141.96875	31	35	0	0	4907.771973	194	1	10.31367397	8.498779297
1	0	3	0	0	0	25748.1875	22	25	0	1	2556.476563	195	1	10.15611935	7.846776485
1	0	2	1	0	0	9292.227539	12	12	0	0	137.8238373	196	1	9.136933327	4.933205605
1	0	4	0	0	0	49611.39844	39	39	0	0	8305.699219	197	1	10.81197548	9.024817467
1	0	4	0	0	0	32923.31641	25	29	1	1	3940.932617	198	1	10.40193653	8.279426575
1	0	2	1	0	0	16421.76172	19	19	1	0	1461.139893	199	1	9.706362724	7.287656307
1	0	2	0	0	0	38732.64063	33	39	0	1	7083.937988	200	1	10.56443787	8.865726471
1	0	2	1	0	0	27953.36719	22	25	0	1	2969.948242	201	1	10.23829269	7.996636391
0	0	1	0	0	0	1.036269426	0	0	1	1	0	202	1	0.035627179	0
0	0	1	0	0	1	2156.476563	0	0	0	0	0	203	1	7.676230907	0
0	0	2	0	0	0	21353.36719	27	31	0	1	2770.984375	204	1	9.968964577	7.927318573
1	0	2	1	0	0	19931.60547	19	19	1	1	1480.828979	205	1	9.900061607	7.301032543
1	0	3	0	0	0	20978.23828	22	22	0	1	2343.005127	206	1	9.95124054	7.759616375
1	0	5	0	0	0	14177.20215	16	16	0	1	710.8808594	207	1	9.559390068	6.567910671
1	0	2	0	1	0	10901.55469	16	16	0	0	694.3005371	208	1	9.296660423	6.544343948
1	0	4	0	0	0	47913.98828	29	39	0	0	5669.430176	209	1	10.77716255	8.64302063
1	0	5	0	0	0	38625.90625	29	33	0	0	3967.875732	210	1	10.56167889	8.286237717
0	0	1	0	0	1	8609.326172	17	17	0	0	775.1295166	211	1	9.060601234	6.654319286
1	0	3	0	0	0	17010.36328	19	19	0	1	1559.585449	212	1	9.741578102	7.352816582
1	0	4	0	0	0	27461.14063	19	25	0	0	1883.937866	213	1	10.22052765	7.541650295
1	0	4	0	0	0	37662.17578	29	33	0	1	4927.460938	214	1	10.53641129	8.502781868
1	0	4	0	0	0	38640.41406	29	33	0	0	4461.140137	215	1	10.56205368	8.403383255
0	0	1	1	0	0	14048.70508	22	22	1	1	1415.544067	216	1	9.550285339	7.255975246
1	0	4	0	0	0	45150.25781	29	39	1	1	4708.808105	217	1	10.7177515	8.457402229
1	0	3	0	0	0	13038.3418	0	16	0	0	0	218	1	9.475649834	0
1	0	4	0	0	0	45689.12109	25	39	1	1	2396.891113	219	1	10.72961521	7.782344818
0	1	2	1	0	0	8637.305664	12	14	0	1	0	220	1	9.063845634	0
1	0	2	0	0	0	38547.14844	25	33	1	0	3723.316162	221	1	10.55963707	8.22263813
0	0	1	0	0	1	674.6113892	0	0	0	0	0	222	1	6.514136791	0
0	0	1	0	1	0	10282.90137	16	19	0	0	402.0725403	223	1	9.238237381	5.999116421
0	0	1	0	0	1	6785.492188	16	16	0	0	468.3937683	224	1	8.822542191	6.151442051
0	0	1	0	0	1	12747.15039	22	22	0	0	1544.041504	225	1	9.453063011	7.342805862
1	0	4	0	0	0	11503.62695	16	19	0	0	568.9119263	226	1	9.350418091	6.345481873
0	0	3	0	1	0	10749.22266	17	17	0	0	784.4559326	227	1	9.282588959	6.666264534
0	0	1	0	0	1	14684.97363	23	23	0	0	1979.274658	228	1	9.594579697	7.59099102
1	0	3	0	0	0	43296.375	29	39	0	0	5119.170898	229	1	10.67582417	8.540943146
0	0	1	0	0	0	15765.80273	23	23	0	0	2230.051758	230	1	9.665598869	7.710228443
1	0	3	0	0	0	50958.55078	33	44	0	1	7546.11377	231	1	10.83876801	8.928920746
1	0	6	0	0	0	32692.22852	22	29	1	1	2292.228027	232	1	10.39489269	7.737715721
1	0	3	0	1	0	12675.64746	16	16	0	0	735.7512817	233	1	9.44743824	6.602250576
0	0	1	0	0	1	1404.14502	0	0	0	0	0	234	1	7.2471838	0
1	0	4	0	0	0	19700.51758	19	19	0	0	1756.476685	235	1	9.888400078	7.471634388
0	0	1	0	1	0	22767.875	31	31	0	0	4133.678711	236	1	10.03310585	8.32716465
1	0	2	0	0	0	78661.14063	49	49	0	1	22849.74023	237	1	11.2729044	10.0367384
1	0	2	0	0	0	76912.95313	39	49	0	0	9983.419922	238	1	11.25042915	9.208781242
1	0	2	0	0	0	55066.32031	39	44	0	1	7900.518066	239	1	10.91629314	8.9748106
0	1	4	0	0	0	13234.19727	20	20	0	1	229.0155487	240	1	9.490559578	5.438147068
0	0	1	0	0	1	1279.792725	0	0	0	0	0	241	1	7.154453278	0
1	0	2	1	0	0	13856.99512	16	16	0	1	735.7512817	242	1	9.536545753	6.602250576
1	0	3	0	0	0	44048.70313	39	39	0	1	7739.896484	243	1	10.69305134	8.954273224
0	0	1	0	0	1	8760.62207	17	17	0	0	802.0725098	244	1	9.078022003	6.688445091
1	0	3	0	0	0	27389.63672	22	25	0	1	1806.217651	245	1	10.2179203	7.499543667
0	0	3	0	0	0	25301.55469	23	31	0	1	1794.818604	246	1	10.13862133	7.493216038
1	0	2	1	0	0	25420.72461	25	25	0	1	3115.025879	247	1	10.14332008	8.044313431
1	0	2	0	0	0	32705.69922	29	29	0	1	4761.658203	248	1	10.39530468	8.468561172
1	0	4	0	0	0	67953.36719	33	49	0	1	7370.984375	249	1	11.12657738	8.905442238
0	0	1	0	0	0	9055.958984	17	17	1	1	698.4456177	250	1	9.111178398	6.5502882
0	0	1	0	0	0	8134.714844	16	17	0	0	574.0932617	251	1	9.00389576	6.354532242
0	0	1	0	0	1	12861.13965	22	22	0	0	1578.238281	252	1	9.461965561	7.364697933
0	1	2	0	0	0	18039.37891	23	23	0	1	2391.709961	253	1	9.800312042	7.780181885
0	1	4	0	0	0	8613.47168	0	12	1	1	0	254	1	9.06108284	0
1	0	3	0	1	0	22301.55469	22	22	0	0	2536.787598	255	1	10.01241207	7.839047909
0	1	2	0	0	0	24307.77148	23	28	0	0	2924.352295	256	1	10.09855175	7.981170177
1	0	3	0	1	0	21244.56055	22	22	0	0	2377.202148	257	1	9.963855743	7.774099827
0	0	1	1	0	0	12363.73047	19	19	0	1	1218.652832	258	1	9.422522545	7.106321335
1	0	2	0	0	0	26238.95508	23	23	0	0	3399.598389	1	2	10.17500019	8.131706238
1	0	3	0	1	0	8930.722656	13	13	0	0	102.4096375	2	2	9.097252846	4.638698101
0	0	1	0	0	1	2378.51416	0	0	0	0	0	3	2	7.774231434	0
0	0	1	1	0	0	11882.53027	15	17	0	1	602.409668	4	2	9.382824898	6.402596474
1	0	2	0	0	0	26816.26563	23	26	0	0	2982.931641	5	2	10.19676399	8.000997543
1	0	5	0	0	0	66727.91406	40	44	0	0	11506.02441	6	2	11.10837841	9.350712776
1	0	2	1	0	0	15467.87109	13	15	1	1	167.6706848	7	2	9.646520615	5.127948284
1	0	2	0	0	0	91203.8125	35	48	1	0	8438.754883	8	2	11.42085171	9.040708542
1	0	3	0	0	0	14654.61816	15	15	0	1	848.3935547	9	2	9.592511177	6.744522572
0	0	1	0	0	1	7836.345215	15	15	0	0	488.9558105	10	2	8.966527939	6.194315434
1	0	2	0	1	0	28573.29297	26	26	0	0	3847.389648	11	2	10.26022816	8.255410194
0	0	1	0	0	1	103.4136581	0	0	0	0	0	12	2	4.638737202	0
1	0	2	1	0	0	18494.98047	15	17	0	0	871.4859619	13	2	9.82525444	6.771346569
1	0	5	0	0	0	36826.30469	26	30	0	1	4017.068359	14	2	10.51396751	8.298556328
1	0	2	0	0	0	23979.91992	23	23	1	0	2753.011963	15	2	10.08497238	7.920814037
0	0	1	0	0	0	23738.95508	21	28	0	1	1283.132568	16	2	10.07487297	7.157838821
0	1	2	0	0	0	25035.14063	25	25	0	0	3304.216797	17	2	10.12803555	8.103257179
1	0	2	0	0	0	35303.21094	0	30	1	1	0	18	2	10.47172928	0
1	0	4	0	0	0	27637.55078	19	23	0	1	2134.538086	19	2	10.22693062	7.666473866
1	0	2	0	0	0	380367.4688	50	50	0	1	48192.76953	20	2	12.84889317	10.78298473
1	0	2	0	0	0	61695.78125	35	40	0	0	9382.530273	21	2	11.02997112	9.146711349
0	0	1	0	1	0	12610.44141	17	19	0	0	1061.244995	22	2	9.442280769	6.968139648
1	0	4	0	0	0	25420.68359	19	23	0	0	2093.373535	23	2	10.14331818	7.64700985
0	0	1	0	1	0	20300.20117	28	28	0	0	3178.714844	24	2	9.918386459	8.064546585
0	0	1	0	0	0	9918.674805	0	17	1	0	0	25	2	9.202174187	0
1	0	2	1	0	0	23084.33789	11	19	1	1	128.5140533	26	2	10.04690933	4.863789558
1	0	2	0	0	0	18172.69141	17	19	0	0	1781.124512	27	2	9.807675362	7.485561371
0	1	4	0	1	0	6409.638672	11	11	0	0	0	28	2	8.765558243	0
0	0	1	0	0	0	13233.93555	19	19	0	1	1645.582275	29	2	9.490539551	7.406456947
0	0	1	0	0	1	4270.080078	11	11	0	0	102.4096375	30	2	8.359388351	4.638698101
0	1	3	0	1	0	16336.3457	19	19	0	0	425.7028198	31	2	9.701148033	6.056087971
0	1	3	0	0	0	19455.82422	21	21	0	1	2076.305176	32	2	9.875902176	7.638826847
0	0	1	0	1	0	3785.140625	0	11	0	0	0	33	2	8.238838196	0
0	0	1	0	0	0	5477.911621	15	15	0	1	504.0160522	34	2	8.6084795	6.224590302
1	0	2	1	0	0	18695.7832	17	17	0	1	1610.441772	35	2	9.836052895	7.384884357
0	0	1	0	0	0	24114.45703	21	28	1	0	2058.23291	36	2	10.09056664	7.630088806
1	0	4	0	0	0	46464.85938	35	35	0	0	6694.779297	37	2	10.74645138	8.809232712
1	0	2	0	1	0	18525.09961	17	19	0	1	1764.056274	38	2	9.826881409	7.475937843
1	0	5	0	0	0	21392.57031	17	19	1	1	1303.212891	39	2	9.970798492	7.173355103
0	0	1	0	0	1	14693.77539	21	21	0	0	1805.220825	40	2	9.595179558	7.498991966
1	0	2	0	0	0	27658.63477	26	26	0	1	3690.762939	41	2	10.22769356	8.213859558
1	0	6	0	0	0	154013.0469	48	50	0	1	29929.71875	42	2	11.94479275	10.30664063
1	0	6	0	1	0	20772.08789	17	17	0	0	1473.89563	43	2	9.941365242	7.296342373
1	0	3	0	1	0	20342.36914	19	19	0	0	2030.120483	44	2	9.920460701	7.616343021
1	0	4	0	0	0	38981.92578	23	30	0	1	3045.180664	45	2	10.57085323	8.021643639
0	1	2	0	0	0	48994.98047	37	44	0	1	10150.60254	46	2	10.79947281	9.22538662
1	0	5	0	0	0	34421.6875	23	26	1	1	2914.658691	47	2	10.44644165	7.977850914
0	0	1	0	0	0	3936.74707	0	11	1	1	0	48	2	8.27810955	0
1	0	4	0	0	0	16792.16797	15	17	0	0	953.8152466	49	2	9.728668213	6.861517906
1	0	6	0	0	0	142398.5938	48	50	0	1	33313.25391	50	2	11.86638546	10.41374016
0	0	1	0	0	1	15810.24121	21	21	0	0	2058.23291	51	2	9.668413162	7.630088806
1	0	2	0	0	0	44060.24219	35	35	0	1	8943.775391	52	2	10.69331264	9.098824501
1	0	2	1	0	0	35942.76953	26	30	0	0	4408.634766	53	2	10.48968315	8.391547203
0	0	1	0	1	0	25195.7832	32	32	0	0	4535.140625	54	2	10.13443184	8.41983223
1	0	2	0	0	0	14780.12012	17	17	0	0	1303.212891	55	2	9.601037979	7.173355103
0	1	2	0	0	0	10205.82324	15	15	0	0	518.0722656	56	2	9.230713844	6.252043247
1	0	2	1	1	0	11636.5459	15	15	0	1	645.5823364	57	2	9.361906052	6.471700668
1	0	3	0	1	0	28339.35742	26	26	0	0	3860.44165	58	2	10.25200653	8.258795738
0	1	2	0	0	0	37560.24219	34	37	0	1	5923.694824	59	2	10.53370094	8.68688488
0	0	1	0	0	0	26060.24023	32	32	0	0	4486.947754	60	2	10.16816616	8.409151077
1	0	1	0	0	0	16277.1084	26	30	0	0	2181.726807	61	2	9.697514534	7.688330173
0	0	1	0	0	0	31852.41016	32	36	0	0	5980.923828	62	2	10.36886787	8.696497917
1	0	3	0	0	0	52630.52344	35	40	0	1	10100.40137	63	2	10.87105179	9.22042942
1	0	2	0	0	0	42648.59375	30	35	0	0	5137.550293	64	2	10.66074944	8.5445261
1	0	2	0	0	0	80509.03906	40	44	0	1	13985.94336	65	2	11.29612446	9.545879364
0	0	1	0	0	1	9596.385742	17	17	0	0	916.666687	66	2	9.169141769	6.821834087
1	0	6	0	0	0	8277.108398	0	0	0	1	0	67	2	9.021248817	0
1	0	3	0	0	0	99056.22656	44	48	1	1	16104.41797	68	2	11.50344276	9.686910629
0	0	1	0	0	1	3396.586426	11	11	0	0	21.08433723	69	2	8.130526543	3.09486866
1	0	3	0	0	0	37506.02344	30	30	1	1	4549.196777	70	2	10.53225708	8.422925949
1	0	2	0	1	0	20561.24414	19	19	0	1	2153.614502	71	2	9.931162834	7.675366879
1	0	3	0	0	0	52762.04688	35	40	0	0	7573.292969	72	2	10.87354755	8.932515144
0	0	1	0	0	1	6522.088379	15	15	0	0	443.7750854	73	2	8.782949448	6.097568989
1	0	2	0	0	0	29689.75977	26	26	0	1	3791.164551	74	2	10.29855728	8.240692139
1	0	2	0	1	0	20462.85156	19	19	0	0	2287.148682	75	2	9.926366806	7.735498428
1	0	3	0	1	0	27862.44922	26	26	0	1	3716.867432	76	2	10.23503494	8.220905304
1	0	2	0	1	0	12410.64258	15	15	0	0	923.6947632	77	2	9.426309586	6.829463482
1	0	2	0	0	0	17746.98828	17	17	0	1	1712.85144	78	2	9.783970833	7.446498394
0	1	2	0	1	0	6409.638672	11	11	0	0	0	79	2	8.765558243	0
0	0	1	0	0	0	9223.895508	0	15	0	1	0	80	2	9.129552841	0
1	0	3	0	0	0	44131.52734	35	35	0	0	6676.707031	81	2	10.69493008	8.806529999
0	0	1	1	0	0	9337.349609	15	15	0	1	677.7108154	82	2	9.141777992	6.520195007
1	0	2	0	0	0	131402.6094	48	50	1	1	32530.12109	83	2	11.78602123	10.38995266
1	0	4	0	0	0	43822.28906	35	35	0	1	7327.309082	84	2	10.68789768	8.899499893
0	0	1	0	0	1	2892.570313	0	0	0	0	0	85	2	7.969900608	0
1	0	4	0	0	0	37707.83203	26	30	0	1	3798.192871	86	2	10.53762341	8.242544174
1	0	5	0	0	0	14754.01563	11	15	0	1	0	87	2	9.599270821	0
1	0	2	1	0	0	189639.5625	50	50	1	1	65843.375	88	2	12.15288067	11.0950489
1	0	3	0	0	0	47541.16406	30	35	0	0	6026.104492	89	2	10.76935101	8.704022408
0	0	1	0	1	0	12169.67871	19	19	0	1	1352.409668	90	2	9.406702995	7.210382462
0	0	1	0	0	0	10055.2207	19	17	0	0	1276.10437	91	2	9.215847015	7.152350426
0	0	1	0	0	0	8155.622559	0	15	0	1	0	92	2	9.006463051	0
1	0	2	0	1	0	31120.48242	26	26	0	1	4408.634766	93	2	10.34562111	8.391547203
1	0	5	0	0	0	20423.69531	17	17	1	1	1266.064209	94	2	9.924450874	7.144457817
1	0	5	0	0	0	32561.24414	26	26	0	1	3462.851318	95	2	10.39087772	8.150135994
1	0	5	0	0	0	43755.01953	30	35	0	1	5124.498047	96	2	10.68636131	8.541982651
1	0	4	0	1	0	8155.622559	11	11	0	0	0	97	2	9.006463051	0
1	0	2	0	0	0	24682.73047	19	23	0	1	2163.654541	98	2	10.11385918	7.680016041
1	0	5	0	0	0	33233.9375	23	26	0	0	3295.180664	99	2	10.41132641	8.100520134
0	0	1	1	0	0	23654.61914	28	28	0	0	3315.260986	100	2	10.07131386	8.106593132
0	0	1	1	0	0	34736.94922	36	36	0	1	6157.630371	101	2	10.45555878	8.725609779
0	0	1	0	0	1	3404.618408	11	11	0	0	15.06024075	102	2	8.13288784	2.776346684
1	0	2	0	1	0	25513.05273	23	23	0	0	3110.44165	103	2	10.146945	8.042841911
0	0	1	0	0	1	5182.730957	13	13	0	0	215.8634491	104	2	8.553087234	5.379267693
0	0	1	0	1	0	25545.18164	32	32	0	0	4679.71875	105	2	10.14820385	8.451207161
0	0	1	0	0	1	6135.541992	15	15	0	0	353.4136658	106	2	8.721853256	5.870464802
0	0	1	0	0	0	31400.60156	28	36	0	0	4152.610352	107	2	10.35458279	8.33173275
0	0	1	0	0	1	2424.69873	0	0	0	0	0	108	2	7.793462753	0
0	1	2	0	1	0	20322.28906	25	25	0	0	2713.855469	109	2	9.919473648	7.906494141
1	0	2	0	0	0	44250	30	35	0	0	6115.461914	110	2	10.69761086	8.71873951
0	1	2	0	1	0	22371.48633	25	25	0	0	3178.714844	111	2	10.01554203	8.064546585
1	0	4	0	0	0	39826.30469	26	35	0	0	4734.939941	112	2	10.59228325	8.462935448
1	0	2	0	0	0	26547.18945	23	23	0	1	2706.827393	113	2	10.18667889	7.903902054
1	0	2	0	0	0	39245.98438	35	35	0	1	6992.97168	114	2	10.57760429	8.852804184
1	0	2	0	0	0	31083.33398	23	26	1	1	2925.702881	115	2	10.34442711	7.981631756
0	1	3	0	1	0	19780.12109	21	21	0	0	1546.184692	116	2	9.892433167	7.344192028
0	0	1	0	0	0	29891.56641	32	32	0	1	5386.546387	117	2	10.30533123	8.591845512
0	0	1	0	0	0	18521.08398	19	24	0	0	1343.373535	118	2	9.826664925	7.203683376
1	0	3	0	1	0	24519.07617	23	23	0	0	2902.610352	119	2	10.10720634	7.97371006
1	0	2	1	0	0	98339.35938	44	48	0	0	23273.0918	120	2	11.49617958	10.05509567
0	0	1	0	0	0	27616.4668	28	32	1	1	3516.064209	121	2	10.22616768	8.165381432
1	0	6	0	0	0	1325.301147	0	0	1	1	0	122	2	7.189394951	0
1	0	4	0	0	0	37025.10156	26	30	0	0	4995.983887	123	2	10.51935101	8.516590118
1	0	2	0	1	0	27330.32031	26	26	0	0	3756.02417	124	2	10.21575165	8.23138237
1	0	5	0	0	0	29448.79492	19	23	0	0	1934.739014	125	2	10.29040813	7.568244457
0	1	2	0	1	0	9539.15625	15	15	0	0	0	126	2	9.163160324	0
1	0	4	0	0	0	19483.93555	17	17	1	1	1136.546143	127	2	9.877346039	7.036628723
1	0	2	0	1	0	25911.64648	23	23	0	1	3468.875488	128	2	10.16244793	8.151873589
0	0	1	1	0	0	10894.57813	17	17	0	0	924.6987915	129	2	9.296020508	6.830548763
1	0	2	0	0	0	40011.04297	30	35	0	1	5649.598633	130	2	10.59691048	8.63951683
0	0	1	0	0	0	21398.59375	28	28	0	0	3000	131	2	9.97108078	8.006700516
0	0	1	0	0	1	8274.09668	15	15	0	0	677.7108154	132	2	9.020885468	6.520195007
1	0	2	0	0	0	29294.17578	23	26	0	1	3007.028076	133	2	10.28514385	8.009039879
1	0	2	1	0	0	53886.54688	40	40	0	1	10502.00781	134	2	10.89463615	9.25941658
1	0	4	0	0	0	27871.48633	23	23	0	1	3064.25708	135	2	10.23535919	8.027886391
1	0	4	0	0	0	69299.19531	35	44	0	1	7802.208984	136	2	11.14618874	8.962290764
0	1	3	0	1	0	14729.91992	18	18	0	0	768.0722656	137	2	9.597636223	6.645184994
1	0	6	0	1	0	17029.11719	13	15	0	0	450.8032227	138	2	9.742679596	6.113246918
1	0	5	0	0	0	14227.91211	11	15	1	0	0	139	2	9.562960625	0
1	0	3	1	0	0	13235.94336	15	15	0	0	559.2369385	140	2	9.490691185	6.328359604
1	0	2	0	0	0	48902.60938	30	40	0	0	6351.405762	141	2	10.79758644	8.756588936
0	0	1	0	0	1	3649.598389	11	11	0	0	34.13654709	142	2	8.202372551	3.559241772
1	0	2	1	0	0	23115.46094	15	19	0	1	781.1245117	143	2	10.04825687	6.662014008
0	0	1	0	0	1	2127.51001	0	0	0	0	0	144	2	7.662707806	0
1	0	5	0	1	0	20081.32617	17	17	0	0	1627.51001	145	2	9.907546043	7.395421028
1	0	2	0	0	0	44018.07422	30	35	0	0	6071.285156	146	2	10.69235516	8.711490631
1	0	3	0	0	0	16634.53906	17	17	0	0	1507.028076	147	2	9.719236374	7.318558216
0	0	1	0	1	0	1487.951782	0	0	0	1	0	148	2	7.305155754	0
1	0	4	0	0	0	33983.9375	23	26	0	0	2676.706787	149	2	10.43364334	7.892715931
0	0	1	0	0	0	19163.6543	21	24	0	1	2089.357422	150	2	9.860771179	7.64509058
1	0	5	0	0	0	36085.33984	19	30	1	0	1668.674683	151	2	10.49364185	7.42038393
0	0	1	0	0	1	8126.505859	15	15	0	0	617.4699097	152	2	9.002886772	6.427248478
0	0	1	0	1	0	9651.606445	17	17	0	1	916.666687	153	2	9.174880028	6.821834087
0	0	1	0	0	0	15899.59863	19	21	0	1	1524.096436	154	2	9.674049377	7.329813004
1	0	3	0	0	0	28181.72656	19	26	1	0	1934.739014	155	2	10.24642944	7.568244457
1	0	2	0	0	0	85203.8125	40	44	0	0	15863.4541	156	2	11.35280132	9.671835899
1	0	3	0	0	0	11332.3291	15	15	1	0	526.1044312	157	2	9.335414886	6.267398834
1	0	5	0	1	0	8780.120117	0	11	0	0	0	158	2	9.080245018	0
1	0	3	0	0	0	75158.63281	35	44	1	0	7038.152832	159	2	11.22735596	8.859243393
0	1	3	0	0	0	24679.71875	19	25	0	1	1536.144531	160	2	10.11373711	7.33768177
1	0	6	0	1	0	29543.17188	23	23	0	0	3110.44165	161	2	10.29360771	8.042841911
1	0	6	0	1	0	13424.69922	11	13	0	1	212.8514099	162	2	9.504851341	5.365281582
1	0	3	0	0	0	19038.15234	19	17	0	0	1858.433716	163	2	9.854200363	7.528027058
0	0	1	0	1	0	11547.18848	15	17	0	0	858.4337158	164	2	9.354197502	6.756273746
0	1	2	0	1	0	1259.036133	0	0	0	0	0	165	2	7.138101578	0
1	0	4	0	0	0	36529.11719	26	30	0	1	4004.016113	166	2	10.5058651	8.295303345
1	0	2	0	0	0	19836.3457	17	19	1	1	1669.678711	167	2	9.895271301	7.420985222
1	0	2	1	0	0	8104.41748	11	11	0	1	58.23293304	168	2	9.000164986	4.081477642
1	0	3	0	1	0	32551.20508	26	26	0	0	4506.023926	169	2	10.39056969	8.413392067
1	0	3	0	0	0	28197.79102	15	26	1	1	968.8754883	170	2	10.24699879	6.877167702
1	0	2	0	1	0	14247.99219	15	17	0	1	1104.417725	171	2	9.564371109	7.007978439
1	0	2	0	0	0	32494.98047	26	30	0	1	4408.634766	172	2	10.38884068	8.391547203
0	1	2	0	1	0	13113.4541	18	18	0	1	1276.10437	173	2	9.481393814	7.152350426
0	1	2	0	0	0	32048.19336	29	34	0	0	5376.505859	174	2	10.37499619	8.589980125
0	0	1	0	0	0	19274.0957	24	24	0	1	2557.229004	175	2	9.866517067	7.847070694
0	0	1	0	0	1	3374.498047	11	11	0	0	1.004016042	176	2	8.124001503	0.695153177
1	0	3	0	0	0	39437.75	30	35	0	0	5453.81543	177	2	10.58247852	8.604253769
0	0	1	0	0	1	8855.421875	15	15	0	0	768.0722656	178	2	9.088785172	6.645184994
1	0	5	0	0	0	19764.05664	17	17	1	0	1624.498047	179	2	9.891620636	7.393569469
0	0	1	0	0	0	45254.01563	36	45	0	1	7713.855469	180	2	10.720047	8.950902939
1	0	4	0	0	0	53386.54688	35	40	0	0	7209.839355	181	2	10.88531399	8.883340836
0	0	1	0	0	1	10221.8877	17	17	0	0	967.87146	182	2	9.232286453	6.876132011
1	0	2	0	0	0	59079.31641	35	40	0	1	7784.136719	183	2	10.98663616	8.959971428
1	0	5	0	1	0	14494.97949	15	15	0	0	652.6104126	184	2	9.581557274	6.48251152
0	1	2	0	1	0	2182.730957	0	0	0	0	0	185	2	7.688332081	0
1	0	4	0	0	0	56213.85547	35	40	1	1	6663.654785	186	2	10.93691826	8.804573059
0	0	1	0	0	1	12922.69043	19	19	0	0	1466.867432	187	2	9.466739655	7.291565895
1	0	3	0	0	0	78666.66406	44	44	0	0	18564.25781	188	2	11.27297497	9.829047203
1	0	2	0	0	0	30174.69922	19	26	1	0	2359.437744	189	2	10.31475925	7.766602516
1	0	2	0	0	0	47.18875504	0	0	1	1	0	190	2	3.85415554	0
0	0	1	0	0	1	33143.57422	36	36	0	0	7253.012207	191	2	10.40860367	8.889309883
1	0	3	0	0	0	49401.60547	35	40	0	1	7599.397461	192	2	10.8077383	8.935956001
1	0	2	1	0	0	39672.69141	30	35	0	1	5423.694824	193	2	10.58841801	8.598716736
0	0	1	0	1	0	32668.67383	36	36	0	0	7018.072266	194	2	10.39417171	8.856386185
1	0	3	0	0	0	28083.33398	19	26	0	1	1837.349365	195	2	10.24293137	7.516623497
1	0	2	1	0	0	9065.260742	11	11	0	0	179.7188721	196	2	9.112204552	5.196942806
1	0	4	0	0	0	54679.71875	35	40	1	0	9382.530273	197	2	10.90924835	9.146711349
1	0	4	0	0	0	23109.4375	17	19	1	1	726.9076538	198	2	10.04799652	6.590174198
1	0	2	1	0	0	17301.20508	17	17	1	0	1550.200806	199	2	9.75853157	7.346784592
0	0	1	0	1	0	20752.00781	28	28	0	1	3248.996094	200	2	9.940398216	8.086408615
1	0	2	1	0	0	29849.39844	23	26	0	1	2891.566162	201	2	10.30391979	7.969899178
0	0	1	0	0	0	5182.730957	11	13	0	1	23.09236908	202	2	8.553087234	3.181895256
0	0	1	0	0	1	5956.827148	15	15	0	0	353.4136658	203	2	8.692293167	5.870464802
0	0	1	0	1	0	15112.4502	21	21	0	0	1868.473877	204	2	9.623273849	7.533412457
1	0	2	1	0	0	19558.23242	17	17	1	0	1307.228882	205	2	9.881151199	7.176429749
1	0	3	0	1	0	19376.50586	17	19	0	1	1823.293213	206	2	9.871816635	7.508947849
1	0	5	0	0	0	15737.95215	15	15	0	1	923.6947632	207	2	9.663830757	6.829463482
1	0	2	0	1	0	9452.811523	13	13	0	0	469.8795166	208	2	9.154067039	6.154602051
1	0	4	0	0	0	50358.43359	30	40	0	0	6196.787109	209	2	10.82692146	8.731947899
1	0	5	0	0	0	43865.46094	30	35	0	0	4806.225098	210	2	10.68888283	8.47787571
0	1	2	0	1	0	8521.083984	13	13	0	0	296.1847534	211	2	9.050298691	5.694354057
1	0	3	0	0	0	22266.06445	19	19	0	1	1943.775146	212	2	10.01081944	7.572901726
1	0	4	0	0	0	45703.81641	30	35	0	0	5726.907715	213	2	10.7299366	8.653105736
1	0	4	0	0	0	41117.46875	26	35	0	1	4174.69873	214	2	10.62418842	8.337037086
1	0	4	0	0	0	40043.17188	26	35	0	0	4460.843262	215	2	10.59771347	8.403317451
0	0	1	1	0	0	19685.74219	24	24	1	1	2597.389648	216	2	9.887649536	7.862647057
1	0	4	0	0	0	42868.47266	23	35	1	1	3630.521973	217	2	10.66589165	8.197406769
1	0	3	0	0	0	64381.52734	35	44	0	1	7008.032227	218	2	11.07258224	8.85495472
1	0	4	0	0	0	40779.11719	17	35	1	1	1451.807251	219	2	10.61592579	7.281252861
0	1	1	1	0	0	8636.545898	15	15	0	1	517.0682983	220	2	9.063757896	6.250106812
1	0	2	0	0	0	42686.74609	26	35	1	0	4787.148438	221	2	10.66164398	8.473898888
0	0	1	0	0	1	306.2249146	0	0	0	0	0	222	2	5.724319935	0
0	0	1	0	0	0	12635.54199	15	19	0	0	729.9196777	223	2	9.44426918	6.594303608
0	0	1	0	0	1	9098.393555	15	15	0	0	820.2811279	224	2	9.11585331	6.710865498
0	0	1	0	0	1	6649.598633	15	15	0	0	496.9879456	225	2	8.802311897	6.210576057
0	0	1	0	0	1	19619.47852	28	28	0	0	3010.040039	226	2	9.884278297	8.010041237
0	0	4	0	1	0	11171.68652	15	15	0	0	662.6505737	227	2	9.321137428	6.497756004
0	0	1	0	0	0	15482.93164	21	21	0	1	1973.89563	228	2	9.647493362	7.588270664
1	0	3	0	0	0	48106.42578	30	35	0	0	5411.646484	229	2	10.78117085	8.596493721
0	0	1	0	0	0	18001.00391	24	24	0	1	2653.614502	230	2	9.798182487	7.884054661
1	0	3	0	0	0	53056.22656	35	40	0	1	8504.015625	231	2	10.87910748	9.048411369
1	0	6	0	0	0	32952.8125	17	26	1	0	217.8714905	232	2	10.40283203	5.388484955
1	0	4	0	1	0	13601.40527	11	15	0	0	0	233	2	9.517928123	0
0	0	1	0	0	1	1438.755005	0	0	0	0	0	234	2	7.271533489	0
1	0	4	0	1	0	20442.77148	19	19	0	0	1924.698853	235	2	9.925384521	7.563044071
0	0	1	0	1	0	24509.03711	28	28	0	0	4281.124512	236	2	10.10679722	8.362204552
1	0	2	0	0	0	45052.20703	35	35	0	1	8172.690918	237	2	10.71557713	9.008675575
1	0	2	0	0	0	69676.70313	35	44	0	0	9909.638672	238	2	11.15162182	9.201364517
1	0	2	0	0	0	71282.125	40	44	0	1	12610.44141	239	2	11.17440128	9.442359924
0	1	4	0	0	0	15482.93164	18	18	0	1	20.08032036	240	2	9.647493362	3.048340082
0	0	1	0	0	1	2714.859375	0	0	0	0	0	241	2	7.906495571	0
1	0	2	1	0	0	7651.606445	0	11	0	1	0	242	2	8.942670822	0
1	0	3	0	0	0	43418.67578	35	35	0	1	7221.887695	243	2	10.67864513	8.885009766
0	0	1	0	0	1	9890.5625	17	17	0	0	924.6987915	244	2	9.199336052	6.830548763
1	0	3	0	0	0	32447.79102	23	26	0	1	2954.819336	245	2	10.38738728	7.991531372
0	0	3	0	0	0	42214.85938	28	40	0	1	3084.337402	246	2	10.65052795	8.034416199
1	0	2	1	0	0	23741.96875	19	19	0	1	2444.779053	247	2	10.07499981	7.802118778
1	0	2	0	0	0	35093.375	23	30	0	1	2940.762939	248	2	10.46576786	7.986764431
1	0	4	0	0	0	59782.12891	35	40	0	1	7129.518066	249	2	10.99846172	8.872138977
0	0	1	0	0	0	9861.445313	17	17	1	1	905.6224976	250	2	9.196388245	6.809726238
0	0	1	0	0	0	25773.0918	28	32	0	0	2936.74707	251	2	10.15708637	7.985398293
0	0	1	0	0	1	19488.95508	28	28	0	0	2939.759033	252	2	9.877603531	7.986423016
0	1	2	0	1	0	19229.91992	21	21	0	1	2445.783203	253	2	9.864222527	7.802529335
0	1	3	0	0	0	19208.83594	18	21	1	1	1167.670654	254	2	9.863125801	7.063621998
1	0	3	0	0	0	24569.27734	19	23	0	0	2516.064209	255	2	10.10925198	7.830848694
0	1	2	0	0	0	28052.20898	25	29	0	0	3742.971924	256	2	10.24182224	8.227902412
1	0	3	0	1	0	23009.03711	19	19	0	0	2630.521973	257	2	10.04364204	7.875317574
0	0	1	1	0	0	12531.12402	17	17	0	1	1204.819336	258	2	9.43597126	7.094914436
1	0	2	0	0	0	25796.91992	22	25	0	0	2663.137695	1	3	10.15801048	7.887635708
1	0	4	0	1	0	15110.68359	14	14	0	0	744.9470825	2	3	9.623157501	6.614654541
0	0	1	0	0	1	1352.261841	0	0	0	0	0	3	3	7.209533691	0
0	0	1	1	0	0	18968.23828	15	23	0	1	619.8267822	4	3	9.850521088	6.431052208
1	0	2	0	0	0	27313.76367	22	25	0	0	2822.906738	5	3	10.21514606	7.945876598
1	0	5	0	0	0	65170.35547	38	42	0	0	10972.08887	6	3	11.08475971	9.303200722
1	0	2	1	0	0	28267.56445	14	25	1	1	492.7815247	7	3	10.24947071	6.202093124
1	0	2	0	0	0	106668.9141	38	45	1	0	12964.38867	8	3	11.57748508	9.470038414
1	0	3	0	0	0	24805.58203	18	22	0	1	2096.246338	9	3	10.11882401	7.648380756
0	0	1	0	1	0	11723.77246	16	18	0	0	1138.594849	10	3	9.369374275	7.03842783
1	0	2	0	1	0	28143.40625	25	25	0	0	3653.512939	11	3	10.24506855	8.203718185
0	0	1	0	0	1	116.4581299	0	0	0	0	0	12	3	4.757531643	0
1	0	2	1	0	0	35571.70313	22	28	0	0	2673.724854	13	3	10.47930622	7.891601563
1	0	5	0	0	0	36053.89844	25	28	0	1	3353.224365	14	3	10.4927702	8.117976189
1	0	2	0	0	0	23056.78516	22	22	1	0	2546.679443	15	3	10.04571533	7.842938423
0	0	1	0	0	0	23162.65625	16	26	0	1	982.6756592	16	3	10.05029678	6.891296387
0	1	2	0	0	0	27692.97461	24	28	0	0	2997.112549	17	3	10.22893429	8.005738258
1	0	2	0	0	0	30059.67188	14	25	1	1	0	18	3	10.31093979	0
1	0	4	0	0	0	32064.48438	22	25	0	1	2726.660156	19	3	10.37550449	7.91119957
1	0	0	0	0	0	353251.1875	49	50	0	1	54196.34375	20	3	12.77493477	10.90038681
1	0	3	0	0	0	54867.17969	33	38	0	0	7460.057617	21	3	10.91267109	8.917452812
0	0	1	0	1	0	12745.90918	16	18	0	0	1069.297363	22	3	9.452965736	6.975691795
1	0	4	0	0	0	27597.68945	22	25	0	0	2467.757568	23	3	10.22548771	7.811470032
0	0	1	0	0	0	19511.06836	26	26	0	0	2903.753662	24	3	9.87873745	7.974103928
0	0	1	0	0	0	14429.25879	12	20	0	1	182.8681488	25	3	9.577013016	5.214219093
1	0	2	1	0	0	18189.60547	12	16	0	1	331.0875854	26	3	9.808605194	5.805398941
1	0	2	0	0	0	18249.27734	18	18	0	1	1715.110718	27	3	9.811881065	7.447815895
0	1	3	0	1	0	6486.044434	11	11	0	0	0	28	3	8.777407646	0
0	0	1	0	0	0	6009.624512	14	14	0	1	330.1251221	29	3	8.701117516	5.802496433
0	0	1	0	0	1	4493.744141	12	12	0	0	142.4446564	30	3	8.410441399	4.965949535
1	0	4	0	1	0	16384.02344	16	16	0	0	1217.516846	31	3	9.704061508	7.105389595
0	1	3	0	0	0	20003.84961	18	20	0	1	1723.772827	32	3	9.903679848	7.452850819
0	0	1	0	0	1	2443.695801	0	0	0	0	0	33	3	7.80126667	0
0	0	1	0	0	0	5022.136719	14	12	0	1	462.9451294	34	3	8.521611214	6.139766216
1	0	2	1	0	0	37431.18359	18	28	0	1	1888.354126	35	3	10.53025913	7.543990135
0	0	1	0	0	0	24427.33398	18	30	1	0	1188.642944	36	3	10.1034584	7.081408501
1	0	4	0	0	0	55530.31641	38	38	0	0	9692.011719	37	3	10.92468452	9.179160118
1	0	3	0	1	0	15698.74902	16	16	0	1	615.0144653	38	3	9.661335945	6.423270226
1	0	5	0	0	0	21407.12305	18	18	1	1	2286.814209	39	3	9.971479416	7.735352039
0	0	1	0	0	1	17007.69922	23	23	0	0	2285.851807	40	3	9.7414217	7.734931469
0	0	1	0	0	0	25564.9668	26	30	0	0	3466.794922	41	3	10.14897823	8.151274681
1	0	0	0	0	0	237984.5938	50	50	0	1	67969.20313	42	3	12.37996101	11.12682438
1	0	5	0	1	0	21976.90039	16	18	0	0	1664.100098	43	3	9.997747421	7.417640686
1	0	3	0	1	0	18606.35156	18	18	0	0	1697.786377	44	3	9.831258774	7.437669277
1	0	4	0	0	0	43265.64063	25	33	0	1	3341.674805	45	3	10.67511368	8.114526749
0	1	2	0	0	0	57789.21875	42	42	0	1	13243.50293	46	3	10.96455765	9.491337776
1	0	4	0	0	0	35491.82031	25	28	1	1	3725.697754	47	3	10.47705746	8.223278046
0	0	1	0	0	0	5802.694824	14	14	1	1	316.6506348	48	3	8.666077614	5.760951996
1	0	4	0	0	0	16756.49609	11	16	0	1	172.2810364	49	3	9.726541519	5.154914856
1	0	5	0	0	0	142282	45	49	0	1	28411.93359	50	3	11.86556625	10.25459957
0	0	1	0	0	1	19283.92773	26	26	0	0	2841.193359	51	3	9.867027283	7.952331543
1	0	2	0	0	0	50646.77734	38	38	0	1	10750.72168	52	3	10.83263111	9.282821655
1	0	2	1	0	0	44574.58984	33	33	0	0	6253.12793	53	3	10.70491886	8.740997314
0	0	1	0	1	0	28474.49414	30	30	0	0	5282.001953	54	3	10.25676441	8.572249413
1	0	2	0	0	0	23484.11914	18	22	0	0	2382.098145	55	3	10.06407928	7.776156902
0	1	2	0	0	0	11608.27734	17	17	0	0	784.4080811	56	3	9.359473228	6.666203499
1	0	2	1	0	0	14960.53906	12	16	0	1	306.0635376	57	3	9.613171577	5.727054596
1	0	3	0	1	0	34117.42188	28	28	0	0	4670.837402	58	3	10.43756294	8.449307442
0	1	3	0	0	0	34279.11328	32	32	0	1	5176.130859	59	3	10.44229126	8.552006721
0	0	1	0	0	1	22472.57031	26	26	0	0	3654.475342	60	3	10.020051	8.2039814
1	0	2	0	0	0	23384.98633	22	22	0	0	2790.182861	61	3	10.05984974	7.934220791
1	0	2	0	0	0	41064.48438	33	33	0	0	6935.515137	62	3	10.62289906	8.844554901
1	0	3	0	0	0	53077.96094	38	38	0	1	10038.49902	63	3	10.8795166	9.214282036
1	0	2	0	0	0	47121.26953	33	38	0	0	6824.831543	64	3	10.76047993	8.828469276
1	0	2	0	0	0	84703.5625	38	45	0	1	13291.62695	65	3	11.34691334	9.4949646
0	0	1	0	0	1	12282.00195	18	18	0	0	1318.575562	66	3	9.41588974	7.185065269
1	0	5	0	0	0	23110.68359	16	18	0	1	1648.700684	67	3	10.04804993	7.408349037
1	0	3	0	0	0	130703.5625	45	49	1	1	29518.76758	68	3	11.78068733	10.29281521
0	1	1	0	1	0	8788.257813	14	14	0	0	580.3657227	69	3	9.081171989	6.365380287
1	0	3	0	0	0	30948.99023	25	25	1	1	3436.958496	70	3	10.34009552	8.142633438
1	0	2	0	1	0	22827.71875	22	22	0	1	2461.982666	71	3	10.03573036	7.809128284
1	0	3	0	0	0	56036.57422	33	38	0	0	8412.897461	72	3	10.93375969	9.037639618
0	0	1	0	0	1	12022.13672	18	18	0	0	1266.602539	73	3	9.394504547	7.144882679
1	0	2	0	0	0	47017.32422	33	38	0	1	7814.244629	74	3	10.75827122	8.963831902
1	0	2	0	1	0	20817.13281	18	18	0	1	2304.138672	75	3	9.94353199	7.74289608
1	0	3	0	1	0	29585.17773	25	25	0	1	4086.621826	76	3	10.29502869	8.315718651
1	0	2	0	1	0	13302.21387	14	14	0	0	1021.174194	77	3	9.495685577	6.929687023
1	0	2	0	1	0	11515.88086	14	14	0	0	771.8960571	78	3	9.351482391	6.650144577
0	1	2	0	1	0	6256.978027	12	12	0	0	0	79	3	8.741452217	0
0	0	1	0	0	0	10549.56641	11	16	0	1	86.62174988	80	3	9.263839722	4.473029137
1	0	3	0	0	0	52572.66797	33	38	0	0	8313.763672	81	3	10.86995125	9.025788307
0	0	1	1	0	0	9644.850586	15	15	0	1	720.885437	82	3	9.174179077	6.581866264
1	0	2	0	0	0	68833.49219	28	42	0	1	4886.429199	83	3	11.1394453	8.494421959
1	0	3	0	0	0	41282	33	33	0	1	6062.560059	84	3	10.62818146	8.71005249
1	0	3	0	1	0	5232.916504	0	0	0	0	0	85	3	8.562724113	0
1	0	4	0	0	0	38960.53906	25	33	0	1	3882.579346	86	3	10.57030487	8.264512062
1	0	5	0	0	0	19310.875	12	16	0	1	421.5592041	87	3	9.868423462	6.046329498
1	0	2	1	0	0	118717.0391	49	49	1	1	31693.93555	88	3	11.68449783	10.36391258
1	0	3	0	0	0	50400.38672	33	38	0	1	8205.966797	89	3	10.82775402	9.012739182
0	0	1	0	1	0	10655.4375	16	16	0	1	1046.198242	90	3	9.273825645	6.953873634
0	0	1	0	0	0	10452.3584	15	16	0	0	713.18573	91	3	9.254582405	6.57114315
0	0	1	0	0	0	8039.460938	15	15	0	1	0	92	3	8.992116928	0
1	0	3	0	0	0	32148.21875	25	28	0	1	3690.08667	93	3	10.37811279	8.213676453
1	0	5	0	0	0	24311.83789	22	22	1	1	2419.634277	94	3	10.09871864	7.791784763
1	0	5	0	0	0	35521.65625	25	28	0	1	3742.05957	95	3	10.47789764	8.227658272
1	0	4	0	0	0	47269.48828	33	33	0	1	7098.171387	96	3	10.76362038	8.867733002
1	0	4	0	1	0	11521.65527	14	14	0	0	475.4571838	97	3	9.351984024	6.166378021
1	0	2	0	0	0	23527.42969	18	22	0	1	1720.885498	98	3	10.06592274	7.451175213
1	0	5	0	0	0	35410.00781	25	28	0	0	3223.291748	99	3	10.47474957	8.078468323
0	0	1	1	0	0	23736.28516	26	26	0	1	3391.7229	100	3	10.07476044	8.129387856
0	0	1	1	0	0	34266.60156	30	34	0	1	3984.600586	101	3	10.441926	8.29044342
0	0	1	0	0	1	2663.137695	0	0	0	0	0	102	3	7.887260437	0
1	0	2	0	0	0	26843.11914	22	25	0	1	3250.240723	103	3	10.1977644	8.086791992
0	0	1	0	0	1	15920.11523	23	23	0	0	2042.348389	104	3	9.675338745	7.622344971
0	0	1	0	1	0	25263.71484	30	30	0	0	4459.095215	105	3	10.13712406	8.402925491
0	0	1	0	0	0	6604.427246	12	14	1	0	188.6429291	106	3	8.795495987	5.245142937
0	0	1	0	0	0	30514.91797	26	34	0	0	3323.387939	107	3	10.32597065	8.109041214
0	0	1	0	0	1	2997.112549	0	0	0	0	0	108	3	8.005404472	0
0	1	2	0	0	0	20226.17969	24	24	0	1	2548.604492	109	3	9.914732933	7.843693733
1	0	2	0	0	0	47964.39063	28	38	0	0	5503.368652	110	3	10.77821445	8.613297462
0	1	2	0	1	0	21986.52539	24	24	0	0	3033.686279	111	3	9.998185158	8.017863274
1	0	4	0	0	0	41358.03516	28	33	0	0	4980.750488	112	3	10.63002205	8.513536453
1	0	2	0	0	0	26603.46484	22	25	0	0	2772.858398	113	3	10.188797	7.927994728
1	0	2	0	0	0	38207.89063	33	33	0	1	6427.333984	114	3	10.55079746	8.768470764
1	0	2	0	0	0	31721.84766	22	28	1	1	2620.789307	115	3	10.36476135	7.871612072
0	1	3	0	1	0	20722.81055	24	24	0	0	2051.973145	116	3	9.938990593	7.627044201
0	0	1	0	0	0	37086.62109	38	38	0	1	8360.923828	117	3	10.52101135	9.031443596
0	0	1	0	0	0	16658.32617	15	23	0	0	692.0115356	118	3	9.720664978	6.541046619
1	0	3	0	0	0	26320.5	22	22	0	1	3139.557373	119	3	10.17810345	8.052155495
1	0	2	1	0	0	100892.2031	42	45	0	0	21135.70703	120	3	11.52180767	9.958766937
1	0	3	0	0	0	27214.62891	18	25	1	1	2364.773926	121	3	10.2115097	7.76886034
1	0	5	0	0	0	1802.694946	0	0	1	1	0	122	3	7.497037888	0
1	0	4	0	0	0	38305.10156	28	33	0	0	5384.985352	123	3	10.55333805	8.591555595
0	0	1	0	1	0	21988.45117	26	26	0	0	3541.867188	124	3	9.998272896	8.172691345
1	0	5	0	0	0	36597.69141	22	28	0	0	3171.318604	125	3	10.50774002	8.062217712
0	1	2	0	1	0	8814.244141	12	14	0	0	0	126	3	9.084124565	0
1	0	4	0	0	0	23163.61914	16	18	1	1	1602.502441	127	3	10.05033779	7.379945755
1	0	4	0	1	0	31240.61523	25	25	0	1	4230.991211	128	3	10.34947395	8.350427628
0	0	1	1	0	0	8623.676758	15	15	0	0	563.0413818	129	3	9.06226635	6.335127831
1	0	2	0	0	0	44000	33	33	0	1	6126.083008	130	3	10.69194508	8.720474243
0	0	1	0	0	0	23841.19336	26	30	0	0	3779.595703	131	3	10.07917023	8.237636566
1	0	3	0	1	0	10699.71094	12	14	0	0	131.8575592	132	3	9.277972221	4.889277458
1	0	2	0	0	0	13570.74121	14	16	0	1	534.1674805	133	3	9.51567173	6.282579899
1	0	2	1	0	0	31416.74609	14	25	0	1	468.7199097	134	3	10.35509682	6.152136803
1	0	4	0	0	0	26301.25195	22	22	0	1	2461.982666	135	3	10.17737198	7.809128284
1	0	4	0	0	0	72939.36719	33	42	0	1	8888.354492	136	3	11.19738388	9.092609406
0	1	3	0	1	0	14861.40527	18	18	0	0	853.7055054	137	3	9.60652256	6.750756741
1	0	5	0	1	0	17554.37891	14	16	0	0	444.6583252	138	3	9.773058891	6.099552631
1	0	5	0	0	0	21282.96484	14	18	1	0	404.2348328	139	3	9.965662003	6.004466534
1	0	3	1	0	0	14128.00781	14	14	0	0	711.2608032	140	3	9.555914879	6.568444252
1	0	2	0	0	0	47860.44141	28	38	0	0	5419.634277	141	3	10.77604485	8.597968102
0	0	1	0	0	1	8676.612305	15	15	0	0	720.885437	142	3	9.068386078	6.581866264
1	0	2	1	0	0	142326.2813	49	49	0	1	39470.64453	143	3	11.86587715	10.58333778
0	0	1	0	0	1	6124.157715	14	14	0	0	357.0740967	144	3	8.719996452	5.880740166
1	0	4	0	0	0	15309.91309	14	16	0	1	806.5447388	145	3	9.636256218	6.693998337
1	0	2	0	0	0	48056.78516	28	38	0	0	4966.313965	146	3	10.78013897	8.510634422
1	0	3	0	0	0	23162.65625	18	22	0	0	1697.786377	147	3	10.05029678	7.437669277
0	0	1	0	0	0	6073.147461	0	14	0	1	0	148	3	8.711631775	0
1	0	4	0	0	0	31415.78516	16	25	0	0	1469.682373	149	3	10.35506535	7.293481827
0	0	1	0	0	0	18499.51953	20	26	0	1	1738.209839	150	3	9.825499535	7.461185932
1	0	5	0	0	0	35917.22656	25	28	1	0	2488.931641	151	3	10.48897266	7.820010662
0	0	1	0	1	0	4083.734375	0	11	0	0	0	152	3	8.314766884	0
0	0	1	0	0	0	6743.984375	11	14	1	1	11.54956722	153	3	8.81640625	2.529686213
0	0	1	0	0	0	16162.65625	23	23	0	1	1953.801758	154	3	9.690458298	7.578043938
1	0	3	0	0	0	12028.87402	0	14	0	1	0	155	3	9.395065308	0
1	0	2	0	0	0	85613.08594	42	45	0	0	17093.35938	156	3	11.35759354	9.74650383
1	0	3	0	0	0	6615.977051	11	11	1	0	0	157	3	8.797243118	0
1	0	5	0	1	0	10964.38867	11	11	0	0	2.887391806	158	3	9.302408218	1.357738376
1	0	3	0	0	0	70897.97656	28	42	1	0	5143.407227	159	3	11.16899681	8.545665741
1	0	4	0	0	0	6390.760254	0	0	0	0	0	160	3	8.762608528	0
1	0	5	0	0	0	34013.47266	25	25	0	1	3267.564941	161	3	10.43451214	8.092105865
1	0	5	0	1	0	13427.33398	12	14	0	1	0	162	3	9.505047798	0
1	0	3	0	0	0	14752.64648	12	16	0	0	427.3339844	163	3	9.599177361	6.059903145
0	0	1	0	1	0	12809.43262	16	18	0	0	1069.297363	164	3	9.457937241	6.975691795
0	1	2	0	1	0	8630.414063	14	14	0	0	405.1972961	165	3	9.063047409	6.006838799
1	0	4	0	0	0	38605.39063	25	33	0	1	4423.483887	166	3	10.56114674	8.394908905
1	0	3	0	0	0	19948.99023	16	18	1	1	1540.904663	167	3	9.900934219	7.340773582
1	0	2	1	0	0	16758.42188	12	16	0	1	311.8383179	168	3	9.72665596	5.745686531
1	0	3	0	0	0	30620.78906	25	25	0	0	3930.702637	169	3	10.32943439	8.276827812
1	0	3	0	0	0	13894.12891	12	14	1	1	300.2887268	170	3	9.539221764	5.708068848
1	0	2	0	1	0	13542.83008	14	16	0	0	1007.699707	171	3	9.513612747	6.916417599
1	0	2	0	0	0	31729.54688	25	28	0	0	3762.271484	172	3	10.36500359	8.233043671
0	1	2	0	0	0	11821.94434	17	17	0	1	994.2252197	173	3	9.377713203	6.902968884
0	1	2	0	0	0	31059.67188	28	32	0	0	4613.089355	174	3	10.34366512	8.436869621
0	0	1	0	0	0	30973.05078	34	34	0	1	5875.842285	175	3	10.34087276	8.678774834
0	0	1	0	0	1	4876.804688	12	12	0	0	194.4177094	176	3	8.492245674	5.275139332
1	0	3	0	1	0	38163.61719	28	33	0	0	5007.699707	177	3	10.54963779	8.518931389
0	0	1	0	0	1	11117.4209	16	16	0	0	1123.195435	178	3	9.316268921	7.024822712
1	0	2	0	0	0	8940.327148	0	12	1	0	0	179	3	9.098327637	0
0	0	1	0	0	0	30708.37305	26	34	0	1	3692.011475	180	3	10.33229065	8.214197159
1	0	4	0	0	0	52145.33203	33	38	0	1	6907.603516	181	3	10.8617897	8.840522766
0	0	1	0	0	1	13744.94727	20	20	0	0	1584.215576	182	3	9.52842617	7.368475914
1	0	2	0	0	0	62796.92188	38	42	0	1	8902.791016	183	3	11.04766178	9.094232559
1	0	5	1	1	0	11386.91016	12	12	0	0	254.0904694	184	3	9.340219498	5.541618347
0	1	2	0	1	0	3674.687256	0	0	0	0	0	185	3	8.209223747	0
1	0	4	0	0	0	51173.24219	33	38	1	1	6214.629395	186	3	10.8429718	8.734822273
1	0	2	0	1	0	22820.98242	22	22	0	1	2493.743896	187	3	10.03543568	7.821941376
1	0	3	0	0	0	73044.27344	42	42	0	0	16544.75391	188	3	11.19882107	9.713884354
1	0	2	1	0	0	26984.59961	16	25	1	0	1236.766113	189	3	10.203022	7.121063709
1	0	2	0	0	0	4845.043457	0	0	1	1	0	190	3	8.485711098	0
0	0	1	0	0	1	32715.11133	34	34	0	0	6841.193359	191	3	10.39559269	8.830863953
1	0	3	0	0	0	69474.49219	38	42	0	1	14042.34863	192	3	11.14871502	9.54990387
1	0	2	1	0	0	28869.10547	16	25	0	1	1325.312744	193	3	10.27052689	7.19015789
0	0	1	0	0	0	33712.22266	34	34	0	0	5695.861328	194	3	10.42561531	8.647670746
1	0	3	0	0	0	29901.82813	18	25	0	1	1887.391724	195	3	10.30567455	7.543480873
1	0	2	1	0	0	8857.555664	11	11	0	0	182.8681488	196	3	9.089026451	5.214219093
1	0	4	0	0	0	53478.34375	33	38	1	0	8825.793945	197	3	10.88703251	9.085547447
1	0	4	0	0	0	32977.86328	22	28	1	1	2726.660156	198	3	10.40359211	7.91119957
1	0	2	1	0	0	16670.83789	16	16	1	0	1217.516846	199	3	9.721416473	7.105389595
0	0	1	0	0	0	57640.03906	42	48	0	1	10615.97656	200	3	10.96197319	9.270209312
1	0	2	1	0	0	43149.18359	25	33	0	1	3677.574707	201	3	10.67241859	8.210280418
0	0	1	0	0	1	11284.88965	16	16	0	0	1146.294556	202	3	9.331219673	7.045161724
0	0	1	0	0	1	11573.62891	18	18	0	0	1188.642944	203	3	9.356484413	7.081408501
1	0	4	0	0	0	18624.63867	16	16	0	0	1564.003906	204	3	9.832241058	7.355643749
1	0	2	1	0	0	28416.74609	14	25	0	1	733.397522	205	3	10.25473404	6.599050522
1	0	2	0	1	0	18706.44922	18	18	0	1	1914.340698	206	3	9.836623192	7.557650566
1	0	4	0	0	0	18050.04883	16	16	1	1	1448.508179	207	3	9.80090332	7.278979778
1	0	3	0	1	0	9113.570313	12	12	0	0	317.6130981	208	3	9.117520332	5.763977528
1	0	4	0	0	0	55598.65234	25	38	0	0	3914.34082	209	3	10.92591381	8.272657394
1	0	5	0	0	0	50326.27344	33	38	0	0	6400.384766	210	3	10.8262825	8.764269829
0	1	2	0	1	0	8406.160156	14	14	0	0	343.5996094	211	3	9.036720276	5.842383385
1	0	4	0	0	0	24041.38672	22	22	0	0	2514.918213	212	3	10.08753204	7.830393314
1	0	4	0	0	0	42809.43359	28	33	0	0	5182.868164	213	3	10.66451359	8.55330658
1	0	4	0	0	0	43556.30469	28	33	0	1	4980.750488	214	3	10.68180943	8.513536453
1	0	4	0	0	0	37125.12109	25	28	0	0	3593.840332	215	3	10.52204895	8.187254906
0	0	1	1	0	0	13230.99121	16	18	1	1	801.7324219	216	3	9.490317345	6.68802166
1	0	4	0	0	0	37324.35156	22	28	0	1	2663.137695	217	3	10.52740097	7.887635708
1	0	3	0	0	0	68378.25	33	42	0	1	8515.880859	218	3	11.13280964	9.049805641
1	0	4	0	0	0	40970.16406	16	33	1	1	1424.446533	219	3	10.62059975	7.26224041
0	0	1	1	0	0	15802.69531	15	20	0	1	319.5380249	220	3	9.667935371	5.770000935
1	0	2	0	0	0	45308.94922	22	33	1	1	2042.348389	221	3	10.72126007	7.622344971
0	0	1	0	0	1	14620.78906	20	20	0	0	1767.08374	222	3	9.590199471	7.477651596
0	0	1	0	1	0	6897.979004	14	14	0	0	235.8036499	223	3	8.838983536	5.467231274
0	0	1	0	0	1	10475.45703	16	16	0	0	1007.699707	224	3	9.256790161	6.916417599
0	0	1	0	0	1	9309.913086	16	16	0	0	830.6063232	225	3	9.138834953	6.723359108
1	0	3	0	1	0	25073.14648	22	22	0	0	2874.879639	226	3	10.12955284	7.964113712
0	0	4	0	1	0	12445.62109	16	16	0	0	869.1049194	227	3	9.429123878	6.768613815
0	0	1	0	0	0	16596.72852	23	23	0	1	2197.305176	228	3	9.716960907	7.695441723
1	0	3	0	0	0	49523.58203	33	38	0	0	6187.680664	229	3	10.81020451	8.730477333
0	0	1	0	0	0	22132.82031	23	26	1	1	2451.395508	230	3	10.00481701	7.804820538
1	0	3	0	0	0	51578.44141	33	38	0	1	7411.93457	231	3	10.85085869	8.910982132
1	0	5	0	0	0	27000.96289	11	22	1	1	76.03464508	232	3	10.20362759	4.344255447
1	0	4	0	1	0	13209.81738	14	14	0	0	670.8373413	233	3	9.488715172	6.510016441
0	0	1	0	0	1	2242.541016	0	0	0	0	0	234	3	7.715364933	0
1	0	5	0	0	0	22111.64648	14	18	0	1	704.5235596	235	3	10.00385952	6.558940411
0	0	1	0	0	1	28440.80859	30	30	0	0	5397.497559	236	3	10.25557995	8.593875885
1	0	2	0	0	0	58959.57813	38	38	0	1	13272.37695	237	3	10.9846077	9.493515968
1	0	2	0	0	0	55470.64453	33	38	0	0	7920.115723	238	3	10.92360878	8.977287292
1	0	3	0	0	0	89953.80469	42	45	0	1	15842.15625	239	3	11.40705109	9.670493126
0	1	4	0	0	0	17315.6875	18	18	0	1	444.6583252	240	3	9.759367943	6.099552631
0	0	1	0	0	1	2541.867188	0	0	0	0	0	241	3	7.840654373	0
1	0	2	1	0	0	6865.254883	0	0	0	1	0	242	3	8.834228516	0
1	0	2	0	0	0	50243.50391	33	38	0	1	9175.167969	243	3	10.82463646	9.124364853
0	0	1	0	0	1	13895.0918	20	20	0	0	1622.714111	244	3	9.539291382	7.392471313
1	0	3	0	0	0	31416.74609	25	25	0	1	3171.318604	245	3	10.35509682	8.062217712
0	0	3	0	0	0	35578.44141	26	34	0	1	2853.705566	246	3	10.47949505	7.956724167
1	0	2	1	0	0	34008.66406	22	28	0	1	2536.092285	247	3	10.43437099	7.838774204
1	0	2	0	0	0	42406.16016	22	33	0	1	3142.44458	248	3	10.65504932	8.053074837
1	0	4	0	0	0	59247.35156	28	38	0	1	5667.950195	249	3	10.9894762	8.642759323
0	0	1	0	0	0	9800.769531	16	16	1	1	815.2069092	250	3	9.190216064	6.704668045
0	0	1	0	0	0	33413.85938	30	34	0	0	4577.478516	251	3	10.41672611	8.429121971
0	0	1	0	0	1	6191.530273	14	14	0	0	370.5486145	252	3	8.730937958	5.917679787
0	1	2	0	0	0	20435.99609	20	24	0	1	2039.46106	253	3	9.925053596	7.620931149
0	1	3	0	0	0	20825.79492	18	24	1	1	927.8151855	254	3	9.943947792	6.833909988
1	0	3	0	0	0	24033.68555	22	22	0	0	2430.221436	255	3	10.08721161	7.796149254
0	1	2	0	0	0	26794.0332	24	28	0	0	3472.569824	256	3	10.1959343	8.152937889
1	0	3	0	0	0	21049.08594	18	18	1	1	2113.570801	257	3	9.954612732	7.656607151
0	0	1	1	0	0	12166.50586	16	16	0	1	779.5957642	258	3	9.406441689	6.660057545
1	0	2	0	0	0	22521.89844	18	22	0	0	1813.868652	1	4	10.0222435	7.503768444
1	0	3	0	0	0	18554.74414	16	16	0	0	1386.861328	2	4	9.828480721	7.235519409
0	0	1	0	0	1	8836.678711	15	15	0	0	747.2627563	3	4	9.086666107	6.617753983
0	0	1	1	0	0	7914.233398	14	14	0	1	458.0292053	4	4	8.976418495	6.129113674
1	0	2	0	0	0	29506.38672	22	25	0	0	3333.94165	5	4	10.29236221	8.112210274
1	0	5	0	0	0	75635.94531	38	42	0	0	11468.97852	6	4	11.2336874	9.347488403
1	0	2	1	0	0	19796.5332	14	18	1	1	1033.759155	7	4	9.893261909	6.941924095
1	0	2	0	0	0	169942.5156	49	50	1	0	36204.37891	8	4	12.04321575	10.49696255
1	0	4	0	0	0	22065.69336	16	18	0	1	1401.459839	9	4	10.00177956	7.245983124
0	0	1	0	0	1	11597.62793	16	16	0	0	1180.656982	10	4	9.358555794	7.074672699
1	0	2	0	1	0	38760.03516	28	33	0	0	6123.175293	11	4	10.56514454	8.719999313
0	0	1	0	0	1	24.63503647	0	0	0	0	0	12	4	3.20416975	0
1	0	2	1	0	0	19640.51172	16	16	0	0	1620.437988	13	4	9.885349274	7.391068459
1	0	5	0	0	0	38609.48828	25	28	0	1	4307.481934	14	4	10.56125355	8.368340492
1	0	2	1	0	0	3612.226318	18	0	1	0	2322.992676	15	4	8.192079544	7.751041889
0	0	1	0	0	0	1547.445313	20	0	0	1	1958.94165	16	4	7.344360828	7.58066988
0	1	2	0	0	0	37322.08203	32	35	0	0	4966.240723	17	4	10.52733994	8.510620117
1	0	2	0	0	0	36247.26172	11	28	1	1	65.69342804	18	4	10.49811935	4.200106621
1	0	4	0	0	0	41383.21094	28	33	0	1	4807.481934	19	4	10.63063049	8.478137016
1	0	0	0	0	0	379018.25	49	50	0	1	61140.51172	20	4	12.84533978	11.0209465
1	0	2	0	0	0	54439.78125	33	38	0	0	6775.547363	21	4	10.90485001	8.821223259
0	0	1	0	0	1	12270.98535	18	18	0	0	1302.919678	22	4	9.414993286	7.173130035
1	0	4	0	0	0	33191.60547	25	25	0	0	3252.737305	23	4	10.4100523	8.0875597
0	0	1	0	1	0	19179.74414	26	26	0	0	2727.189697	24	4	9.861610413	7.911393642
0	0	1	0	0	0	34091.24219	26	34	0	1	2841.240967	25	4	10.43679619	7.952348232
1	0	2	1	0	0	22605.83984	16	18	0	1	1503.649658	26	4	10.02596378	7.316315174
1	0	2	0	0	0	16324.81738	16	16	0	1	1109.489014	27	4	9.70044136	7.012555599
0	1	3	0	1	0	6917.883301	11	11	0	0	0	28	4	8.84186554	0
0	0	1	0	0	0	6691.605957	14	14	0	1	419.7080383	29	4	8.808609009	6.041939259
1	0	3	0	0	0	24104.92773	22	22	0	0	2543.795654	30	4	10.09017181	7.841805458
0	1	3	0	1	0	16077.55469	18	18	0	0	564.7810059	31	4	9.68517971	6.338207245
0	0	1	0	0	0	22188.86914	26	26	0	1	3130.474365	32	4	10.00734615	8.049259186
0	0	1	0	0	1	15603.10254	20	20	0	0	1931.569336	33	4	9.6552248	7.566605568
0	0	1	0	0	0	7731.751953	15	15	0	1	719.8905029	34	4	8.953090668	6.580487251
1	0	2	1	0	0	16597.62695	16	16	0	1	1671.532837	35	4	9.717015266	7.422094345
0	0	1	0	0	0	30950.73047	23	34	1	0	2135.948975	36	4	10.34015179	7.667134285
1	0	4	0	0	0	33732.66406	25	28	0	1	3714.416016	37	4	10.42622185	8.220246315
1	0	3	0	0	0	11488.13867	14	14	0	1	586.678833	38	4	9.349070549	6.376180649
1	0	1	0	0	0	9900.547852	18	18	1	1	962.5912476	39	4	9.200345039	6.870666981
0	0	1	0	0	1	22624.08789	26	26	0	0	3616.78833	40	4	10.02677059	8.193617821
0	0	1	0	0	0	28486.31445	30	30	0	0	4070.255371	41	4	10.25717926	8.311706543
1	0	0	0	0	0	242011.8594	50	50	0	1	77518.25	42	4	12.39674187	11.25828171
1	0	5	0	1	0	19648.72266	14	16	0	0	976.2773438	43	4	9.885767937	6.884770393
1	0	2	0	0	0	18150.54688	18	18	0	1	1731.751831	44	4	9.806455612	7.457466125
1	0	4	0	0	0	52414.23438	25	38	0	1	4455.291992	45	4	10.86693382	8.402071953
0	0	1	0	0	0	71079.38281	48	48	0	1	19023.72266	46	4	11.17155266	9.853494644
1	0	2	0	0	0	37583.94141	28	33	0	1	5190.693359	47	4	10.53433228	8.554815292
0	0	1	0	0	0	0.912408769	0	0	1	1	0	48	4	-0.09166719	0
1	0	4	0	0	0	32105.83984	22	25	0	0	2320.255371	49	4	10.37679291	7.749863625
1	0	5	0	0	0	96350.36719	38	45	0	1	10967.15332	50	4	11.47574615	9.302751541
0	0	1	0	0	1	20398.72266	26	26	0	0	3047.445313	51	4	9.92322731	8.022386551
1	0	2	0	0	0	40831.20313	38	33	0	1	12728.10254	52	4	10.61720181	9.451645851
1	0	2	1	0	0	12713.50391	18	14	0	0	1731.751831	53	4	9.45042038	7.457466125
0	0	1	0	1	0	25390.51172	30	30	0	0	4302.919922	54	4	10.14213085	8.367281914
1	0	2	0	0	0	24275.54688	18	22	0	0	2052.007324	55	4	10.09722519	7.62706089
0	1	2	0	0	0	13103.10254	17	17	0	0	1147.810181	56	4	9.480604172	7.046482086
1	0	2	1	0	0	7040.145996	11	11	0	1	61.1313858	57	4	8.859384537	4.12925148
1	0	3	0	0	0	12734.48926	16	14	0	1	1364.963501	58	4	9.452069283	7.219615459
0	0	2	0	0	0	2797.445313	30	0	0	1	4768.248047	59	4	7.936461926	8.469944
0	0	1	0	0	0	43114.96484	34	42	0	0	6965.328613	60	4	10.67162514	8.848843575
1	0	2	0	0	0	17100.36523	16	16	0	0	1583.94165	61	4	9.746854782	7.368302822
1	0	2	0	0	0	39005.47266	33	33	0	0	6294.708008	62	4	10.57145691	8.747623444
1	0	3	0	0	0	51501.82422	33	38	0	1	8989.050781	63	4	10.84937286	9.103874207
1	0	2	0	0	0	25517.33594	22	22	0	0	2724.452637	64	4	10.1471138	7.9103899
1	0	2	0	0	0	88833.94531	38	45	0	1	11122.2627	65	4	11.39452362	9.316794395
1	0	2	0	1	0	25073.9043	22	22	0	0	2955.291992	66	4	10.12958336	7.991691113
1	0	5	0	0	0	16771.89844	14	16	0	1	778.284668	67	4	9.727459908	6.658376217
1	0	2	0	0	0	91588.5	42	45	1	1	16377.7373	68	4	11.42506123	9.703739166
0	1	3	0	1	0	13650.54785	17	17	0	0	1141.42334	69	4	9.52153492	7.040906906
1	0	3	0	0	0	31750.91211	28	25	1	0	5458.941406	70	4	10.36567688	8.605193138
1	0	2	0	1	0	27480.83984	22	25	0	1	3256.386963	71	4	10.22124386	8.088680267
1	0	3	0	0	0	56186.13281	28	38	0	0	5650.547363	72	4	10.93642521	8.639684677
0	0	1	0	0	1	16019.16016	23	23	0	0	1989.051147	73	4	9.681540489	7.595915794
1	0	2	1	0	0	34432.48047	28	28	0	1	4769.160645	74	4	10.44675541	8.470135689
1	0	2	0	1	0	21197.08008	18	18	0	0	2339.416016	75	4	9.961618423	7.75808382
1	0	2	0	1	0	31021.89844	25	25	0	1	4614.963379	76	4	10.34244823	8.437275887
1	0	2	0	0	0	16447.08008	16	16	0	0	1481.751831	77	4	9.707902908	7.301654816
1	0	3	0	1	0	13834.85449	14	14	0	0	925.1824951	78	4	9.534946442	6.831071377
0	1	2	0	1	0	6524.635254	12	12	0	0	0	79	4	8.783340454	0
0	0	1	0	0	0	9672.445313	15	16	0	1	774.6350098	80	4	9.177036285	6.653682232
1	0	3	0	0	0	65261.85938	38	42	0	0	10273.72266	81	4	11.08616352	9.237442017
0	0	1	1	0	0	9698.905273	15	15	0	1	535.5839233	82	4	9.179768562	6.285223007
1	0	2	0	0	0	82490.875	42	42	0	1	15602.18945	83	4	11.32044315	9.655230522
1	0	3	0	0	0	37376.82422	28	28	0	1	5995.437988	84	4	10.52880573	8.698921204
1	0	4	0	0	0	8791.970703	11	11	0	0	0	85	4	9.081594467	0
1	0	4	0	0	0	43471.71484	28	33	0	1	4777.37207	86	4	10.67986584	8.471855164
1	0	5	0	0	0	20688.86914	12	18	0	1	363.1386719	87	4	9.937351227	5.897534847
1	0	2	1	0	0	1568.430664	0	0	1	1	0	88	4	7.357831001	0
1	0	3	0	0	0	45172.44531	25	33	0	1	3828.467041	89	4	10.71824265	8.250480652
0	1	2	0	1	0	12373.1748	17	17	0	1	1087.591187	90	4	9.423286438	6.992639542
0	0	1	0	0	0	8214.416016	14	15	0	0	413.321167	91	4	9.013646126	6.026641369
0	0	1	0	0	0	7884.124023	15	15	0	1	0	92	4	8.972606659	0
1	0	3	0	0	0	40761.85938	28	33	0	1	5133.211914	93	4	10.61550236	8.543681145
1	0	5	0	0	0	23819.34375	18	18	1	1	2117.700684	94	4	10.07825279	7.658558369
1	0	5	0	0	0	39861.3125	28	33	0	1	4794.708008	95	4	10.59316158	8.475476265
1	0	3	0	0	0	51400.54688	33	38	0	1	8597.62793	96	4	10.84740448	9.059357643
1	0	4	0	1	0	16546.5332	16	16	0	1	805.6569214	97	4	9.713932037	6.692898273
1	0	2	0	0	0	22800.18164	16	22	0	1	1635.036499	98	4	10.03452396	7.400032043
1	0	4	0	0	0	42984.48828	25	33	0	0	3881.386963	99	4	10.66859436	8.264204979
0	0	1	1	0	0	13179.74414	26	18	0	1	2940.693359	100	4	9.486436844	7.986740589
0	0	1	1	0	0	21918.79492	34	26	0	1	6657.84668	101	4	9.995100021	8.803701401
0	0	1	0	0	1	23572.99219	26	26	0	0	3913.321289	102	4	10.06785679	8.272397041
1	0	3	0	0	0	18933.39453	16	18	0	1	1677.007324	103	4	9.848682404	7.42536211
0	0	1	0	0	1	18002.73633	23	23	0	0	2429.744629	104	4	9.798278809	7.795952797
0	0	1	0	1	0	17153.28516	23	23	0	0	2292.883301	105	4	9.749944687	7.738001347
0	0	1	0	0	0	7102.189941	14	14	1	0	253.6496277	106	4	8.86815834	5.539888382
1	0	2	0	0	0	43063.86719	28	33	0	0	4896.897949	107	4	10.67043972	8.49656105
0	0	1	0	0	1	12802.00684	18	18	0	0	1393.248169	108	4	9.457357407	7.240110397
0	1	2	1	0	0	641.4233398	0	0	0	1	0	109	4	6.463689804	0
1	0	2	0	0	0	46586.67969	28	33	1	0	5280.109375	110	4	10.74907017	8.571891785
0	1	2	0	0	0	24180.65625	24	24	0	0	3520.985352	111	4	10.09330845	8.166780472
1	0	4	0	0	0	44930.65625	28	33	0	0	5803.832031	112	4	10.71287537	8.666445732
1	0	2	0	0	0	28839.41602	22	25	0	0	2926.094971	113	4	10.26949787	7.981765747
1	0	2	0	0	0	39338.50391	33	33	0	1	7182.481934	114	4	10.57995892	8.87953949
1	0	2	0	0	0	33803.83203	25	28	1	1	4250	115	4	10.42832947	8.354909897
0	1	3	0	1	0	20320.25586	20	20	0	0	2383.21167	116	4	9.919373512	7.776623726
1	0	2	0	0	0	47128.64844	33	38	0	0	7468.065918	117	4	10.76063633	8.918524742
0	0	1	0	0	0	26336.67969	23	30	0	0	2681.569336	118	4	10.17871761	7.894530296
1	0	3	0	0	0	26508.21094	22	22	0	0	3196.167969	119	4	10.18521023	8.070020676
1	0	2	1	0	0	84152.375	42	42	0	0	20410.58398	120	4	11.34038448	9.923857689
1	0	4	0	0	0	28143.24805	16	22	0	1	1226.277344	121	4	10.24506283	7.112553596
1	0	3	0	0	0	2637.773682	0	0	1	1	0	122	4	7.877690315	0
1	0	3	0	0	0	32326.64258	33	25	0	0	6595.802734	123	4	10.38364697	8.794340134
1	0	3	0	1	0	18998.17578	18	18	0	0	1698.905151	124	4	9.852098465	7.438327789
1	0	4	1	0	0	30822.08008	18	25	0	0	1986.313843	125	4	10.33598614	7.594539165
0	0	1	0	0	1	11022.81055	16	16	0	0	1085.766479	126	4	9.307722092	6.990962029
1	0	4	0	0	0	31403.28516	18	25	1	1	2364.051025	127	4	10.35466766	7.768554688
1	0	4	0	0	0	22820.25586	22	18	0	1	2503.649658	128	4	10.03540421	7.825904369
0	0	1	1	0	0	8165.145996	14	14	0	0	451.642334	129	4	9.007630348	6.115102291
1	0	2	0	0	0	36121.35156	25	28	0	1	4033.759033	130	4	10.4946394	8.30270195
0	0	1	0	0	0	26050.18164	23	30	0	1	2649.63501	131	4	10.16777992	7.882554531
1	0	4	0	0	0	15229.01465	14	14	0	1	1008.21167	132	4	9.630957603	6.916924953
1	0	2	1	0	0	2046.532837	11	0	0	0	101.2773743	133	4	7.623902321	4.627688408
1	0	2	1	0	0	10491.78809	18	14	0	1	1904.197021	134	4	9.258348465	7.552340508
1	0	4	0	0	0	27469.89063	22	22	0	1	2824.817627	135	4	10.22084618	7.946552753
1	0	4	0	0	0	44713.50391	28	33	0	1	4756.386719	136	4	10.7080307	8.467453957
0	1	2	0	0	0	14927.91992	18	18	0	0	809.3065796	137	4	9.610988617	6.697412491
1	0	5	0	0	0	24809.30664	18	18	0	0	828.4671631	138	4	10.11897373	6.72078371
1	0	5	0	0	0	11703.4668	0	12	1	0	0	139	4	9.367640495	0
1	0	2	1	0	0	13243.61328	14	14	0	0	695.2554932	140	4	9.491271019	6.545716763
1	0	3	0	0	0	45659.67188	28	33	0	0	5247.262695	141	4	10.72897053	8.565652847
0	0	1	0	0	1	11444.34277	16	16	0	0	1114.963501	142	4	9.345251083	7.017473221
1	0	2	1	0	0	54917.88281	33	38	0	1	8974.452148	143	4	10.91359425	9.102248192
1	0	2	0	1	0	23961.67969	22	22	0	0	2644.160645	144	4	10.08421135	7.880486965
1	0	4	0	0	0	21069.34375	16	18	0	1	1700.72998	145	4	9.955574036	7.439400673
1	0	2	0	0	0	48328.46875	28	38	0	0	5535.583984	146	4	10.78577614	8.619132996
1	0	3	0	0	0	22374.08789	16	18	0	0	1150.547485	147	4	10.01565838	7.04886198
0	0	1	0	0	0	1472.627686	0	0	0	0	0	148	4	7.294803619	0
1	0	3	0	0	0	29629.5625	18	25	0	0	2108.57666	149	4	10.29652786	7.654242516
1	0	2	0	0	0	30480.83984	22	25	0	1	2905.109375	150	4	10.3248539	7.974570751
1	0	5	0	0	0	35918.79688	25	28	1	0	4102.189941	151	4	10.48901558	8.319519997
0	0	1	0	0	1	4698.905273	12	12	0	0	164.2335815	152	4	8.455084801	5.107359886
0	0	1	0	1	0	10585.7666	16	16	0	1	1020.072998	153	4	9.26726532	6.928609371
0	0	1	0	0	0	19911.49609	26	26	0	1	2750.912354	154	4	9.89905262	7.920051575
1	0	3	0	0	0	25403.28516	18	22	1	1	1822.080322	155	4	10.14263344	7.508282661
1	0	2	0	0	0	93476.28125	38	45	0	0	13321.16797	156	4	11.44546318	9.497184753
1	0	4	0	0	0	15922.44531	14	16	1	1	510.036499	157	4	9.675484657	6.236441135
1	0	5	0	1	0	8295.620117	0	0	0	0	0	158	4	9.023483276	0
1	0	2	0	0	0	67610.39844	33	42	1	0	8778.285156	159	4	11.12151718	9.080150604
1	0	2	0	1	0	8187.956055	12	12	0	0	324.8175049	160	4	9.010419846	5.786337376
1	0	5	0	0	0	38576.64063	25	28	0	1	4512.773926	161	4	10.56040192	8.414888382
1	0	5	0	1	0	13951.64258	14	14	0	1	490.8759155	162	4	9.543352127	6.198226452
1	0	3	0	0	0	13057.48145	16	14	0	1	1489.051147	163	4	9.477116585	7.306565762
0	0	1	0	1	0	13702.55469	16	20	0	0	1136.861328	164	4	9.525337219	7.036905766
0	1	2	0	1	0	4418.79541	11	11	0	1	0	165	4	8.393622398	0
0	1	2	0	0	0	13565.69336	17	17	0	0	1296.532837	166	4	9.515299797	7.168220043
1	0	3	0	0	0	17940.69336	16	16	1	1	1175.182495	167	4	9.794826508	7.070029259
1	0	2	1	0	0	3180.656982	11	0	0	1	31.02189827	168	4	8.064843178	3.466419935
1	0	3	0	0	0	33225.36328	25	28	0	0	4125	169	4	10.41106892	8.325063705
1	0	3	0	0	0	17427.91992	12	16	1	1	281.0219116	170	4	9.765829086	5.64198494
1	0	3	0	1	0	5741.788086	0	0	0	1	0	171	4	8.655526161	0
1	0	2	0	0	0	31551.0957	25	28	0	0	3531.934326	172	4	10.35936356	8.169883728
1	0	5	0	0	0	33325.73047	22	25	0	1	3156.021973	173	4	10.41408539	8.057384491
0	1	2	0	0	0	31127.73633	28	32	0	0	4352.189941	174	4	10.34585476	8.378664017
1	0	2	0	0	0	51607.66406	28	38	0	1	4730.839355	175	4	10.85142517	8.462069511
0	0	1	0	0	1	2424.27002	0	0	0	0	0	176	4	7.793285847	0
1	0	3	0	1	0	39260.94922	28	33	0	0	5305.656738	177	4	10.57798576	8.576717377
0	0	1	0	0	0	19471.71484	23	26	0	0	2576.642334	178	4	9.876718521	7.85463047
1	0	2	1	0	0	17030.10938	0	16	1	0	0	179	4	9.74273777	0
0	0	1	0	0	0	33892.33594	15	34	0	1	583.0291748	180	4	10.43094444	6.369950771
0	0	3	0	0	0	19444.34375	14	18	0	1	1916.970825	181	4	9.875311852	7.559022903
0	1	2	0	1	0	25703.4668	28	28	0	0	3828.467041	182	4	10.1543808	8.250480652
1	0	2	0	0	0	51354.01563	0	38	0	1	0	183	4	10.84649849	0
1	0	5	0	1	0	11980.83984	12	12	0	0	308.394165	184	4	9.39106369	5.73461628
0	1	3	0	1	0	6603.102051	11	11	0	0	0	185	4	8.795294762	0
1	0	3	1	0	0	62185.21875	33	38	1	1	9033.758789	186	4	11.03787231	9.108834267
1	0	2	0	0	0	26110.40234	22	22	0	0	2905.109375	187	4	10.17008877	7.974570751
1	0	3	0	0	0	40672.44531	0	33	0	0	1871.350342	188	4	10.61330605	7.53494978
0	0	1	0	0	0	18020.07227	18	23	1	0	1467.15332	189	4	9.79924202	7.291760445
1	0	2	0	0	0	292.8832092	0	0	1	1	0	190	4	5.679773808	0
0	0	1	0	1	0	31445.25586	34	34	0	0	6282.84668	191	4	10.35600376	8.745738029
1	0	4	0	0	0	67411.5	33	42	0	1	8102.189941	192	4	11.11857128	9.000013351
1	0	2	1	0	0	7883.211914	12	11	0	1	237.2262726	193	4	8.972490311	5.473220825
0	0	1	0	0	0	34446.16797	30	34	0	0	5507.299316	194	4	10.44715309	8.614010811
1	0	3	0	0	0	33274.63672	22	28	0	1	2585.766357	195	4	10.41255093	7.858163834
1	0	2	1	1	0	8530.109375	11	11	0	0	81.20437622	196	4	9.051357269	4.409208775
1	0	4	0	0	0	57617.69922	38	38	1	0	10337.59082	197	4	10.96158504	9.243638992
1	0	3	0	0	0	45322.08203	28	33	1	1	4973.540039	198	4	10.72154999	8.512087822
1	0	2	1	0	0	5871.350586	16	0	1	0	1496.350342	199	4	8.677840233	7.311452389
0	0	1	0	0	0	106188.8672	50	50	0	1	32290.14648	200	4	11.57297421	10.38254833
1	0	2	1	0	0	20262.77344	16	18	0	1	1708.029175	201	4	9.9165411	7.443680763
0	0	1	0	0	1	8616.788086	15	15	0	0	713.5036621	202	4	9.061468124	6.571588039
0	0	1	0	0	0	16928.83203	20	23	0	1	1940.693481	203	4	9.736773491	7.571315765
1	0	5	0	0	0	24455.29102	18	18	0	0	1895.985352	204	4	10.10460186	7.548021317
1	0	2	1	0	0	22546.5332	18	18	0	1	2405.109375	205	4	10.02333641	7.785766602
1	0	2	0	1	0	20701.64258	18	18	0	1	2199.817627	206	4	9.937968254	7.696584225
1	0	4	0	0	0	25457.11719	22	22	0	1	2583.94165	207	4	10.1447506	7.857458115
0	0	1	0	0	0	13823.90527	16	20	1	1	917.8832397	208	4	9.534154892	6.823159218
1	0	4	0	0	0	32118.61328	12	25	0	0	343.0657043	209	4	10.37719059	5.84083271
1	0	5	0	0	0	52119.52734	33	38	0	1	6487.226074	210	4	10.86129475	8.777744293
0	1	2	0	1	0	8766.423828	14	14	0	0	373.1751709	211	4	9.078683853	5.924724102
1	0	4	0	0	0	23101.27734	18	18	0	1	1945.255493	212	4	10.04764366	7.573662758
1	0	4	0	0	0	45523.72266	25	33	0	0	3965.328369	213	4	10.72598839	8.285595894
1	0	4	0	0	0	56017.33594	28	38	0	1	5931.569336	214	4	10.93341637	8.688212395
1	0	4	0	0	0	50037.41016	33	38	0	0	7182.481934	215	4	10.82052612	8.87953949
0	0	1	1	0	0	12911.49609	14	18	1	1	253.6496277	216	4	9.465873718	5.539888382
1	0	4	0	0	0	27509.125	22	22	0	1	2654.197021	217	4	10.22227287	7.884274006
1	0	5	0	0	0	119150.5469	38	49	0	1	14041.9707	218	4	11.68814278	9.549877167
1	0	4	0	0	0	39429.74609	14	33	1	1	867.7007446	219	4	10.58227539	6.766998768
0	0	1	1	0	0	5208.941406	14	11	0	1	311.1313782	220	4	8.558132172	5.743424416
1	0	2	0	0	0	47385.03516	22	38	1	1	3250.912354	221	4	10.76606178	8.08699894
0	0	1	0	0	1	1014.598511	0	0	0	0	0	222	4	6.922248363	0
0	0	1	0	0	1	5093.065918	12	12	0	0	213.5036469	223	4	8.535634995	5.368326664
0	0	1	0	0	1	2125.912354	0	0	0	0	0	224	4	7.66195631	0
0	0	1	0	0	0	8291.970703	15	15	0	1	658.7590942	225	4	9.023042679	6.491874695
1	0	3	0	0	0	18412.4082	16	16	0	0	1109.489014	226	4	9.8207798	7.012555599
0	0	1	0	0	1	2574.817627	0	0	0	0	0	227	4	7.853533745	0
0	0	1	0	0	0	20292.88281	26	26	0	1	3047.445313	228	4	9.91802597	8.022386551
1	0	3	0	0	0	50037.41016	33	38	0	0	6294.708008	229	4	10.82052612	8.747623444
1	0	2	0	0	0	38174.26953	25	33	0	1	4216.240723	230	4	10.54991722	8.346936226
1	0	2	0	0	0	54655.10938	33	38	0	1	8191.605957	231	4	10.90879822	9.010987282
1	0	5	0	0	0	11697.08008	0	12	1	1	0	232	4	9.367094994	0
1	0	5	0	1	0	7108.57666	0	0	0	0	0	233	4	8.869057655	0
0	0	1	0	0	1	8126.824707	15	15	0	0	637.7737427	234	4	9.002925873	6.459550381
1	0	5	0	0	0	25135.94922	16	22	0	0	1299.27002	235	4	10.13205433	7.170327187
1	0	2	0	0	0	67510.03906	38	42	0	1	10355.83984	236	4	11.12003136	9.245402336
1	0	2	0	0	0	68708.94531	38	42	0	1	13932.48145	237	4	11.13763428	9.542050362
1	0	2	0	0	0	14806.56934	22	16	0	0	3166.05835	238	4	9.602826118	8.060558319
1	0	3	0	0	0	42725.36328	28	33	0	1	5011.861328	239	4	10.66254807	8.519762039
0	1	4	0	0	0	18604.92773	18	18	0	1	795.6204224	240	4	9.831181526	6.680378437
0	0	1	0	0	0	12663.32129	18	18	0	0	1237.226318	241	4	9.446464539	7.121435165
1	0	2	1	0	0	7092.15332	0	0	0	1	0	242	4	8.866744041	0
1	0	2	0	0	0	41372.26172	28	33	0	1	5867.700684	243	4	10.63036633	8.677388191
0	0	1	0	0	1	16214.41602	23	23	0	0	2020.072998	244	4	9.693655968	7.611383915
1	0	4	0	0	0	43598.53906	25	33	0	1	4033.759033	245	4	10.68277931	8.30270195
0	0	1	0	0	0	46607.66406	38	42	0	1	7705.291992	246	4	10.7495203	8.949792862
1	0	2	1	0	0	13530.10938	18	14	0	1	1826.642334	247	4	9.512672424	7.510782242
1	0	2	0	0	0	39882.30078	25	33	0	1	4706.20459	248	4	10.59368801	8.456849098
1	0	4	0	0	0	63763.6875	25	42	0	1	4113.138672	249	4	11.06293869	8.322184563
0	0	1	0	0	0	6044.708008	0	14	1	1	0	250	4	8.706938744	0
0	0	1	0	0	0	32365.875	30	34	0	0	5288.321289	251	4	10.38486004	8.57344532
0	0	1	0	0	1	12154.19727	18	18	0	0	1278.284668	252	4	9.40542984	7.154056549
0	1	2	0	0	0	23001.82422	24	24	0	1	2623.175293	253	4	10.04332924	7.872521877
0	1	3	0	0	0	17945.25586	17	20	1	1	1203.467163	254	4	9.795081139	7.093792439
1	0	4	0	0	0	25492.70117	22	22	0	0	2398.722656	255	4	10.14614773	7.783108234
0	1	2	0	0	0	23822.99219	18	24	0	0	1805.656982	256	4	10.07840633	7.499233246
1	0	4	0	0	0	21990.875	18	18	1	1	1978.102173	257	4	9.998382568	7.590398788
0	0	1	1	0	0	0.912408769	16	0	0	1	775.5474243	258	4	-0.09166719	6.654857635
1	0	2	0	0	0	11905.80957	11	15	1	0	1321.302856	1	5	9.384781837	7.187129974
1	0	3	0	0	0	18079.22461	15	15	0	0	1092.429565	2	5	9.802518845	6.997074604
0	0	1	0	0	1	18333.62695	15	15	0	0	2098.591553	3	5	9.816492081	7.649497986
0	0	1	1	0	0	7881.162109	15	15	0	1	375	4	5	8.972230911	5.929589272
1	0	2	0	0	0	32054.57813	15	28	0	0	3363.556396	5	5	10.3751955	8.121051788
1	0	5	0	0	0	71000.88281	35	35	0	0	10052.81738	6	5	11.17044735	9.215707779
1	0	2	1	0	0	22675.17578	15	15	1	1	2777.288818	7	5	10.02902603	7.929590225
1	0	2	0	0	0	72511.44531	35	35	1	1	11549.2959	8	5	11.19149971	9.354466438
1	0	4	0	0	0	23463.9082	15	15	0	1	1864.436646	9	5	10.06321907	7.531250477
0	0	1	0	0	0	12043.13379	15	15	0	1	1154.049316	10	5	9.396249771	7.051898479
0	0	1	0	1	0	8656.69043	15	15	0	0	646.12677	11	5	9.066087723	6.472542286
0	0	0	0	0	1	22.00704193	0	0	0	0	0	12	5	3.091362476	0
1	0	2	1	0	0	18524.64844	15	15	0	0	1349.471802	13	5	9.826857567	7.208209515
1	0	4	0	0	0	39193.66016	28	28	0	1	3893.48584	14	5	10.5762701	8.267316818
1	0	2	1	0	0	22161.0918	15	15	0	0	2135.563477	15	5	10.00609303	7.666954041
0	0	1	0	0	0	17551.9375	15	15	0	1	1042.25354	16	5	9.772919655	6.950099468
0	1	2	0	0	0	40789.61328	28	35	0	1	5074.82373	17	5	10.61618233	8.532243729
1	0	2	0	0	0	55662.85156	15	35	1	1	8667.253906	18	5	10.92706871	9.067422867
1	0	4	0	0	0	37467.42969	28	28	0	1	3622.359131	19	5	10.53122711	8.195157051
1	0	0	0	0	0	552403.1875	38.5	38.5	0	1	124383.8047	20	5	13.2220335	11.73113537
1	0	2	1	0	0	42633.80469	28	28	0	0	4558.979004	21	5	10.6604023	8.425073624
0	0	1	0	0	1	11549.2959	15	15	0	0	1081.866211	22	5	9.354379654	6.987366676
1	0	4	0	0	0	35218.30859	15	28	0	0	2901.408447	23	5	10.46932125	7.973296165
0	0	1	0	1	0	16959.50781	15	15	0	0	1893.485962	24	5	9.738583565	7.546702862
0	0	1	0	0	0	21867.95703	15	28	0	1	559.8591309	25	5	9.992777824	6.329469681
1	0	2	1	0	0	30715.66992	15	15	0	1	2808.97876	26	5	10.33252811	7.940932274
1	0	2	0	0	0	16222.71094	15	15	0	1	1330.105591	27	5	9.694167137	7.193765163
0	1	2	0	1	0	7255.281738	11	11	0	0	0	28	5	8.889485359	0
0	0	1	0	0	0	8198.063477	15	15	0	1	580.1056519	29	5	9.011652946	6.364932537
1	0	3	0	1	0	26726.23242	15	15	0	0	2234.155029	30	5	10.19340038	7.712065697
0	1	3	0	1	0	13219.19043	15	15	0	0	0	31	5	9.489424706	0
0	0	1	0	0	0	21517.60547	28	28	0	1	2764.964844	32	5	9.976626396	7.925144672
0	0	1	0	1	0	15581.86621	15	15	0	0	1689.26062	33	5	9.653862953	7.432638168
0	0	0	0	0	0	1679.577515	11	0	0	1	136.4436646	34	5	7.426297665	4.923213959
1	0	2	1	0	0	19906.68945	15	15	0	1	1560.73938	35	5	9.89881134	7.353555679
0	0	1	0	0	0	34804.57813	28	35	1	0	4367.077637	36	5	10.45750427	8.382078171
1	0	3	0	0	0	38232.39453	15	28	1	1	2848.591553	37	5	10.55143833	7.954930782
1	0	3	0	1	0	12615.31738	15	15	0	1	441.0211182	38	5	9.442667007	6.091357708
0	0	1	0	0	0	10367.07715	15	15	1	1	1906.690186	39	5	9.246390343	7.553648472
0	0	1	0	0	0	26081.86523	28	28	0	0	3726.232422	40	5	10.16899586	8.223421097
0	0	1	0	0	0	26267.60547	28	28	0	0	3245.598633	41	5	10.17609215	8.085363388
1	0	0	0	0	0	449632.9375	38.5	38.5	0	1	141461.2656	42	5	13.01618671	11.85978794
1	0	1	0	1	0	11796.65527	15	15	0	0	1217.429565	43	5	9.375571251	7.105318069
1	0	2	0	0	0	19452.46484	15	15	0	1	1811.619751	44	5	9.875728607	7.502528667
1	0	4	0	0	0	53837.14844	28	35	0	1	3881.161865	45	5	10.89371872	8.264147758
0	0	1	0	0	0	78567.78125	38.5	38.5	0	1	21170.77539	46	5	11.27171707	9.960424423
1	0	2	0	0	0	37832.74609	28	28	0	1	4534.331055	47	5	10.54093075	8.419652939
0	0	1	0	0	0	0.880281687	0	0	1	0	0	48	5	-0.127513319	0
1	0	4	0	0	0	37344.19141	15	28	0	1	2794.01416	49	5	10.52793217	7.935592651
1	0	5	0	0	0	134303.7031	38.5	38.5	0	1	30915.49219	50	5	11.80785847	10.33904552
0	0	1	0	0	1	20970.95117	28	28	0	0	2789.612793	51	5	9.950893402	7.934016228
1	0	2	0	0	0	47092.42969	35	35	0	1	8066.020996	52	5	10.75986767	8.995539665
1	0	2	1	0	0	27993.83789	15	15	0	0	2854.753418	53	5	10.23973942	7.957090855
0	0	1	0	1	0	25750	28	28	0	0	4009.683105	54	5	10.15618992	8.29671669
1	0	2	0	0	0	26252.64063	15	15	0	0	2029.929565	55	5	10.17552185	7.616249084
0	1	2	0	1	0	15573.06348	15	15	0	0	1406.690186	56	5	9.653298378	7.249705315
1	0	2	1	0	0	8108.274414	0	11	0	1	0	57	5	9.000639915	0
1	0	3	1	0	0	9104.753906	11	11	0	1	269.3662109	58	5	9.116552353	5.599777222
0	1	2	0	0	0	33316.01953	28	28	0	1	4680.45752	59	5	10.41379356	8.451364517
0	0	1	0	0	0	40498.23828	35	35	0	1	7541.373047	60	5	10.60901356	8.928292274
1	0	2	0	0	0	17365.31641	15	15	0	0	1501.76062	61	5	9.762229919	7.315059185
1	0	2	0	1	0	35471.83203	28	28	0	0	4632.922363	62	5	10.47649384	8.441159248
1	0	3	0	0	0	52779.92969	35	35	0	1	9084.506836	63	5	10.87388611	9.11443615
1	0	2	0	0	0	31975.35156	28	28	0	0	3610.035156	64	5	10.37272072	8.191749573
1	0	2	0	0	0	93618.83594	35	38.5	0	1	14022.8877	65	5	11.44698715	9.548517227
1	0	2	0	1	0	25629.40234	15	15	0	0	2742.957764	66	5	10.15149593	7.917156696
1	0	5	0	0	0	45198.94531	28	28	0	1	5655.810059	67	5	10.71882915	8.640615463
1	0	2	0	0	0	57919.89453	28	35	1	1	11153.16895	68	5	10.96681595	9.319568634
0	1	3	0	1	0	13997.35938	15	15	0	0	925.1760864	69	5	9.546624184	6.831064224
1	0	3	0	0	0	45268.48438	28	28	0	0	6506.162109	70	5	10.72036648	8.780658722
1	0	2	0	0	0	31475.35156	28	28	0	1	3634.683105	71	5	10.3569603	8.198552132
1	0	3	0	0	0	70396.125	35	35	0	0	8638.204102	72	5	11.16189384	9.064065933
0	0	1	0	0	1	15864.43652	15	15	0	0	1728.873291	73	5	9.671834946	7.455803394
1	0	2	1	0	0	31149.64844	15	15	0	1	3059.859131	74	5	10.34655857	8.026451111
1	0	2	0	1	0	21121.47852	15	15	0	0	2062.5	75	5	9.958045959	7.632158756
1	0	2	0	1	0	29154.92969	15	15	0	0	3271.126709	76	5	10.2803793	8.093194962
1	0	2	0	1	0	17703.3457	15	15	0	0	1554.577515	77	5	9.781508446	7.349602222
1	0	3	0	1	0	14264.08496	15	15	0	0	732.3943481	78	5	9.565500259	6.59768343
0	0	1	0	1	0	8011.443848	15	15	0	0	553.6972046	79	5	8.98862648	6.318422318
0	0	1	0	0	0	10830.98633	15	15	0	1	976.2324219	80	5	9.290165901	6.884724617
1	0	4	0	0	0	54027.28906	28	35	0	0	6173.415527	81	5	10.89724445	8.728169441
0	0	1	1	0	0	9005.28125	15	15	0	1	540.492981	82	5	9.105566978	6.29433012
1	0	2	0	0	0	79514.08594	35	35	0	1	13943.66211	83	5	11.2836895	9.542852402
1	0	3	0	0	0	41998.23828	28	28	0	1	5409.331055	84	5	10.64538288	8.596065521
1	0	4	0	0	0	12605.63379	11	11	0	0	188.3802795	85	5	9.4418993	5.243757248
1	0	4	0	0	0	43931.33984	28	28	0	1	4906.689941	86	5	10.69038296	8.498558998
1	0	5	0	0	0	24614.4375	15	15	0	1	808.0985718	87	5	10.11108875	6.695920944
1	0	2	1	0	0	23446.30273	0	15	1	1	0	88	5	10.06246853	0
1	0	3	0	0	0	50499.12109	28	35	0	1	5544.894531	89	5	10.82971096	8.62081337
0	0	1	0	1	0	10705.10547	15	15	0	0	955.9859009	90	5	9.278475761	6.863788605
0	0	0	0	0	0	8423.415039	15	15	0	0	599.4718018	91	5	9.038770676	6.397715569
0	0	1	0	0	0	7701.584473	15	15	0	1	0	92	5	8.949181557	0
1	0	3	0	0	0	33966.55078	15	28	0	0	3022.00708	93	5	10.43313122	8.014007568
1	0	5	0	0	0	27492.95703	15	15	1	1	2879.401367	94	5	10.22168541	7.965684891
0	1	3	0	0	0	19778.16992	15	15	0	1	1955.105591	95	5	9.892333984	7.578711033
1	0	3	0	0	0	46450.70313	28	28	0	1	5729.753418	96	5	10.74614716	8.6536026
0	1	3	0	1	0	10361.7959	15	15	0	0	0	97	5	9.245881081	0
1	0	2	0	0	0	22943.66211	15	15	0	1	2300.176025	98	5	10.04079723	7.741175652
1	0	3	0	0	0	42976.23047	28	28	0	0	4854.753418	99	5	10.66840267	8.487919807
0	0	1	1	0	0	26049.29492	28	28	0	1	3911.091553	100	5	10.16774559	8.271827698
0	0	1	1	0	0	26092.42969	28	28	0	1	3053.697266	101	5	10.16940022	8.024435997
0	0	1	0	0	1	25308.09766	28	28	0	0	4009.683105	102	5	10.13887978	8.29671669
1	0	3	0	0	0	24078.3457	15	15	0	1	2121.47876	103	5	10.08906841	7.660339832
1	0	1	0	1	0	17703.3457	28	28	0	0	2368.838135	104	5	9.781508446	7.770576954
0	0	1	0	1	0	27080.10547	28	28	0	0	4502.640625	105	5	10.20655441	8.412641525
0	0	1	0	0	0	11117.07715	15	15	1	1	830.9859009	106	5	9.31623745	6.723815441
1	0	2	0	0	0	38177.81641	15	28	0	0	2471.831055	107	5	10.55000973	7.813118935
0	0	1	0	0	1	12826.58496	15	15	0	0	1272.887329	108	5	9.459275246	7.149828434
0	1	2	1	0	0	5493.837891	0	0	0	1	0	109	5	8.611382484	0
1	0	2	0	0	0	46226.23047	28	28	1	0	6136.443848	110	5	10.74130249	8.7221632
0	1	2	0	0	0	24842.42969	15	15	0	1	2800.176025	111	5	10.12030792	7.937794685
1	0	4	0	0	0	41569.54297	28	28	0	0	4916.373047	112	5	10.63512325	8.500530243
1	0	2	0	0	0	31344.18945	15	28	0	0	3290.49292	113	5	10.35278416	8.099096298
1	0	2	0	0	0	44621.48047	28	28	0	1	7159.331055	114	5	10.70597076	8.876311302
1	0	2	0	0	0	32514.08398	15	28	0	1	3396.126709	115	5	10.38942909	8.130684853
0	1	3	0	1	0	22263.20508	15	15	0	0	2159.331055	116	5	10.01069069	7.678016663
1	0	2	0	0	0	55660.21094	35	35	0	1	9647.887695	117	5	10.92702103	9.17459774
0	0	1	0	0	0	20736.79492	15	28	0	0	1649.647827	118	5	9.939664841	7.408923149
1	0	3	0	0	0	25624.11914	15	15	0	0	2511.443604	119	5	10.15128899	7.829010963
1	0	2	0	0	0	92019.36719	35	38.5	0	0	15343.30957	120	5	11.42975426	9.638500214
1	0	4	0	0	0	32124.11914	15	15	1	1	2722.711182	121	5	10.37736225	7.909750462
1	0	3	0	0	0	16886.44336	15	15	1	1	1827.464844	122	5	9.734266281	7.511231899
1	0	3	0	0	0	44674.29688	28	28	0	0	6727.993164	123	5	10.70715332	8.814180374
1	0	3	0	0	0	20048.41602	15	15	1	0	1896.126709	124	5	9.905905724	7.548095703
1	0	2	1	0	0	47051.05469	15	35	0	1	3561.619629	125	5	10.75898838	8.178251266
0	1	2	0	1	0	3836.267578	0	0	0	0	0	126	5	8.25225544	0
1	0	4	0	0	0	30005.28125	15	15	1	1	4661.97168	127	5	10.30912876	8.447408676
1	0	4	0	1	0	25634.68359	15	15	0	1	2241.197266	128	5	10.15170193	7.715211391
0	0	1	1	0	0	5606.51416	11	15	0	0	68.66197205	129	5	8.631684303	4.243654728
1	0	2	0	0	0	28977.99219	15	15	0	1	2471.831055	130	5	10.27429199	7.813118935
0	0	1	0	0	0	29515.8457	28	35	0	1	2284.331055	131	5	10.29268265	7.734266281
0	0	2	0	0	0	17377.64063	15	15	0	1	1708.626709	132	5	9.762939453	7.444030285
1	0	2	0	0	0	1687.5	0	0	0	0	0	133	5	7.431003571	0
1	0	2	1	0	0	23177.81641	15	15	0	1	2128.52124	134	5	10.050951	7.66365242
1	0	4	0	0	0	27634.68359	15	15	0	0	2537.852051	135	5	10.22682667	7.839467525
1	0	4	0	0	0	47423.41406	28	28	0	1	5261.443848	136	5	10.76687145	8.568350792
0	1	2	0	0	0	14581.86621	15	15	0	1	1261.443604	137	5	9.587533951	7.140804768
1	0	6	0	0	0	28759.68359	15	15	0	0	1362.676025	138	5	10.26672935	7.217939377
1	0	5	0	0	0	12192.78125	11	11	0	0	0	139	5	9.408599854	0
1	0	2	1	0	0	9832.746094	0	15	0	0	0	140	5	9.193473816	0
1	0	3	0	0	0	37507.04297	28	28	1	0	4158.450684	141	5	10.53228378	8.333138466
1	0	2	0	1	0	17060.74023	15	15	0	0	1455.105591	142	5	9.744535446	7.283520699
1	0	2	1	0	0	47414.61328	28	35	0	1	5319.54248	143	5	10.76668549	8.579330444
1	0	2	0	1	0	29884.68359	15	15	0	0	3376.760498	144	5	10.30510139	8.124968529
1	0	4	0	0	0	27608.27539	15	15	0	1	2419.01416	145	5	10.22587109	7.791528702
1	0	2	0	0	0	50560.73828	28	35	0	0	7750.880371	146	5	10.83093071	8.955690384
1	0	3	0	0	0	19015.8457	15	15	0	0	834.507019	147	5	9.853028297	6.728038788
0	0	1	0	1	0	1406.690186	0	0	0	0	0	148	5	7.248994827	0
1	0	3	0	0	0	28713.02734	15	15	0	0	2154.929688	149	5	10.2651062	7.67597723
1	0	2	0	0	0	26532.57031	15	15	0	1	2320.422607	150	5	10.18612862	7.749935627
1	0	5	0	0	0	36622.35938	15	28	1	0	3257.922607	151	5	10.50841427	8.089152336
1	0	2	0	1	0	23239.4375	15	15	0	0	2379.401367	152	5	10.05360603	7.775024414
0	0	1	0	0	0	12911.97168	15	15	0	1	1286.091553	153	5	9.465909958	7.160140514
1	0	4	0	0	0	27179.57813	15	15	0	1	2471.831055	154	5	10.21022129	7.813118935
1	0	3	0	0	0	19948.0625	15	15	1	1	815.1408691	155	5	9.900887489	6.704586983
1	0	3	0	0	0	113043.1328	35	38.5	0	0	21742.95703	156	5	11.63552475	9.987091064
1	0	5	0	0	0	31944.54297	15	15	0	1	2933.97876	157	5	10.37175655	7.984455585
1	0	6	0	1	0	16347.71094	15	15	0	0	345.9507141	158	5	9.701843262	5.849182606
1	0	2	1	0	0	63998.23828	28	35	1	0	6786.091309	159	5	11.06661129	8.822777748
1	0	5	0	1	0	13777.28906	11	11	0	1	230.6338043	160	5	9.530776978	5.445157528
1	0	5	0	0	0	45896.125	28	28	0	1	6259.683105	161	5	10.73413563	8.742044449
1	0	6	0	1	0	18557.21875	15	15	0	1	676.0563354	162	5	9.828614235	6.517754555
1	0	3	0	0	0	20661.0918	15	15	0	1	1745.598633	163	5	9.9360075	7.465425491
0	0	1	0	0	1	12147.8877	15	15	0	0	1174.295776	164	5	9.404910088	7.069274902
0	1	2	0	1	0	5297.535156	0	0	0	0	0	165	5	8.574996948	0
0	0	1	0	0	0	11162.85254	15	15	0	1	297.5352173	166	5	9.320346832	5.698887825
1	0	4	0	0	0	21220.95117	15	15	1	1	2857.394287	167	5	9.962743759	7.958015442
1	0	2	1	0	0	8602.993164	0	11	0	1	0	168	5	9.059864998	0
1	0	3	0	0	0	33838.91016	15	28	0	0	3588.028076	169	5	10.42936611	8.18563652
1	0	3	0	0	0	3460.387207	0	0	1	1	0	170	5	8.14913559	0
1	0	3	0	1	0	3508.802734	0	0	0	0	0	171	5	8.163030624	0
1	0	2	0	0	0	30744.71875	15	15	0	1	2973.591553	172	5	10.33347321	7.997861862
0	0	1	0	0	1	18926.9375	28	28	0	0	2222.711182	173	5	9.848340988	7.706933022
0	1	2	0	0	0	32963.91016	28	28	0	0	4951.584473	174	5	10.40316868	8.50766468
1	0	2	0	0	0	56014.96484	35	35	0	1	9639.084961	175	5	10.9333744	9.173685074
0	0	1	0	0	1	2837.147949	0	0	0	0	0	176	5	7.950554371	0
1	0	3	0	0	0	33064.26172	15	28	0	0	3079.225342	177	5	10.40620804	8.032757759
0	0	1	0	0	0	15267.60547	15	15	0	1	1728.873291	178	5	9.633488655	7.455803394
1	0	2	1	0	0	14450.7041	11	15	1	0	849.4718018	179	5	9.57849884	6.745791435
0	0	1	0	0	0	29801.05664	28	35	0	1	4046.655029	180	5	10.3022995	8.305892944
0	1	3	0	0	0	14590.66895	15	15	0	1	310.7394409	181	5	9.588137627	5.742167473
0	1	2	0	1	0	27500.88086	28	28	0	0	3411.091553	182	5	10.22197342	8.135080338
1	0	2	0	0	0	67222.71094	35	35	0	1	9841.548828	183	5	11.11576653	9.194470406
1	0	5	0	1	0	12958.62695	0	11	0	1	0	184	5	9.469516754	0
0	1	2	0	1	0	5342.429688	0	0	0	0	0	185	5	8.583436012	0
1	0	2	1	0	0	50068.66016	28	35	1	1	7541.373047	186	5	10.82115078	8.928292274
1	0	2	0	0	0	29452.46484	15	15	0	0	3310.739502	187	5	10.29053307	8.105228424
1	0	3	0	0	0	75686.61719	35	35	0	0	16250	188	5	11.23435688	9.6959095
0	0	1	1	0	0	57474.47266	15	38.5	1	0	12209.50684	189	5	10.95909595	9.410052299
1	0	2	0	0	0	4380.281738	0	0	1	1	470.0704346	190	5	8.384868622	6.155007362
0	0	1	0	1	0	32173.41602	35	35	0	0	6247.359375	191	5	10.37889576	8.740074158
1	0	4	0	0	0	62067.78125	35	35	0	1	7773.767578	192	5	11.03598213	8.958639145
1	0	2	1	0	0	11628.52148	15	15	0	1	319.5422668	193	5	9.361216545	5.770014286
0	0	1	0	0	0	33805.45703	28	35	0	0	4588.908691	194	5	10.42837715	8.431615829
1	0	4	0	0	0	29962.14844	15	15	0	1	1827.464844	195	5	10.30768967	7.511231899
1	0	2	1	1	0	8147.887207	0	11	0	0	0	196	5	9.005514145	0
1	0	4	0	0	0	64187.5	35	35	1	0	13450.7041	197	5	11.06956387	9.506860733
1	0	3	0	0	0	39447.18359	15	28	1	1	5211.267578	198	5	10.5827179	8.55877018
1	0	2	1	0	0	17995.59766	15	15	0	0	1270.24646	199	5	9.79788208	7.147753239
0	0	1	0	0	0	139255.2813	38.5	38.5	0	1	42051.05469	200	5	11.84406376	10.64666367
1	0	2	1	0	0	18615.31641	15	15	0	1	1283.450684	201	5	9.831740379	7.1580863
0	0	1	0	0	1	10449.82422	15	15	0	0	916.37323	202	5	9.254340172	6.821514606
0	0	1	0	0	0	17012.32422	15	15	0	1	1272.887329	203	5	9.741693497	7.149828434
1	0	2	0	0	0	26639.08398	15	15	0	0	2432.218262	204	5	10.190135	7.796969891
1	0	2	1	0	0	14907.57031	15	15	0	1	804.5774536	205	5	9.609624863	6.691559315
1	0	2	0	0	0	37180.45703	28	28	0	0	5273.767578	206	5	10.52353859	8.570690155
1	0	4	0	0	0	25487.67578	15	15	0	1	2214.788818	207	5	10.14595032	7.703363895
0	0	1	0	0	1	14830.98633	15	15	0	0	1576.584473	208	5	9.604474068	7.363650322
1	0	4	0	0	0	23044.89453	15	15	0	0	1330.985962	209	5	10.04519939	7.19442606
1	0	5	0	0	0	57605.63281	35	35	0	1	8020.246582	210	5	10.96137524	8.989849091
0	1	2	1	1	0	8476.232422	11	15	0	0	0	211	5	9.045021057	0
1	0	4	0	0	0	23972.71094	15	15	0	1	1747.359131	212	5	10.08467102	7.466433048
1	0	4	0	0	0	44489.4375	15	28	0	0	3310.739502	213	5	10.70300674	8.105228424
1	0	4	0	0	0	53820.42188	35	35	0	1	8004.401367	214	5	10.89340782	8.987872124
1	0	4	0	0	0	47100.35156	28	28	0	0	5409.331055	215	5	10.76003551	8.596065521
0	0	1	1	0	0	17590.66992	15	15	1	1	1636.443604	216	5	9.775123596	7.400891781
1	0	3	0	0	0	34085.38672	28	28	0	1	3905.809814	217	5	10.43662357	8.270476341
1	0	5	0	0	0	144801.9375	38.5	38.5	0	1	37244.71875	218	5	11.88312244	10.5252924
1	0	4	0	0	0	50272.88672	15	35	1	1	1852.112671	219	5	10.82522106	7.524621964
0	0	1	1	0	0	6436.619629	11	15	0	1	160.2112732	220	5	8.769759178	5.082715511
1	0	2	0	0	0	52266.72656	15	35	1	1	3575.704346	221	5	10.86411476	8.182196617
0	0	1	0	0	1	2250	0	0	0	0	0	222	5	7.718685627	0
1	0	2	0	1	0	22436.61914	15	15	0	0	2260.563477	223	5	10.01844978	7.723811626
0	0	0	0	0	1	2086.267578	11	0	0	0	20.24647903	224	5	7.643131733	3.056191206
0	0	1	0	0	1	6181.337891	15	15	0	0	278.1690063	225	5	8.729290009	5.631817341
1	0	3	0	0	0	22078.3457	15	15	0	0	1602.99292	226	5	10.00235271	7.380251408
0	0	1	0	0	1	13698.06348	15	15	0	0	1404.929565	227	5	9.525010109	7.248454094
0	0	1	0	0	0	20151.4082	28	28	0	1	2555.457764	228	5	9.911029816	7.84637785
1	0	3	0	0	0	53778.16797	28	35	0	0	6124.119629	229	5	10.89262295	8.720153809
1	0	2	0	0	0	39916.375	28	28	0	1	4657.570313	230	5	10.59454155	8.446463585
1	0	2	0	0	0	53178.69531	28	35	0	1	6999.119629	231	5	10.88141346	8.853682518
1	0	6	0	0	0	18990.31641	0	15	1	1	0	232	5	9.85168457	0
1	0	6	0	1	0	4011.443604	0	0	0	0	0	233	5	8.296906471	0
0	0	1	0	0	1	9983.274414	15	15	0	0	850.3521118	234	5	9.208666801	6.746825695
1	0	5	0	0	0	27578.3457	15	15	0	0	1283.450684	235	5	10.2247858	7.1580863
1	0	2	0	0	0	66786.96875	35	35	0	0	9313.379883	236	5	11.10926342	9.139314651
1	0	2	1	0	0	70748.24219	35	35	0	1	11320.42285	237	5	11.16688251	9.334451675
1	0	2	0	0	0	38190.14063	15	28	0	0	3554.577393	238	5	10.55033302	8.176272392
1	0	3	0	0	0	44039.61328	28	28	0	1	4807.218262	239	5	10.69284439	8.478081703
0	1	4	0	0	0	19428.69727	15	15	0	1	514.0845337	240	5	9.87450695	6.244330883
1	0	2	0	0	0	38203.34375	28	28	1	0	5814.260742	241	5	10.55067825	8.668240547
1	0	2	1	0	0	7549.295898	0	11	1	1	66.90140533	242	5	8.929209709	4.218056679
1	0	2	0	0	0	40382.92188	28	28	0	1	5606.51416	243	5	10.60616207	8.63186264
0	1	2	0	1	0	21268.48633	15	15	0	0	2264.964844	244	5	9.964982033	7.725755692
1	0	4	0	0	0	43467.42969	15	28	0	1	2669.01416	245	5	10.67976761	7.889839172
0	0	1	0	0	0	43019.36719	35	35	0	1	5631.162109	246	5	10.66940594	8.636248589
1	0	2	1	0	0	22736.79492	15	15	0	1	1983.274658	247	5	10.03174019	7.593008518
1	0	2	0	0	0	61493.83984	35	35	0	1	9260.563477	248	5	11.02669239	9.133627892
1	0	4	0	0	0	66566.89844	28	35	0	1	4152.288574	249	5	11.10596275	8.331655502
0	0	1	0	0	0	8828.344727	11	15	1	1	154.0493011	250	5	9.085722923	5.043743134
0	0	1	0	0	0	29955.10547	35	35	0	0	5400.52832	251	5	10.30745506	8.594437599
0	0	1	0	0	1	21057.21875	28	28	0	0	2814.260498	252	5	9.95499897	7.942810059
0	1	2	0	0	0	24188.38086	15	15	0	1	2608.274658	253	5	10.09362793	7.866827488
0	1	3	0	0	0	46247.35938	28	35	1	1	8417.253906	254	5	10.7417593	9.038157463
1	0	4	0	0	0	26101.23242	15	15	0	0	2154.929688	255	5	10.16973782	7.67597723
0	1	2	0	0	0	26713.9082	15	28	0	0	2139.964844	256	5	10.19293976	7.66901207
1	0	4	0	0	0	23066.02148	15	15	1	1	1772.00708	257	5	10.04611588	7.48043251
0	0	1	1	0	0	11655.80957	15	15	0	1	654.9295654	258	5	9.363559723	6.486053467
